3353
8870
2958 2959
1494 1573
1590 1603
2634 2635
1984 1985
1453 1454
1453 1450
697 698
1447 1453
2036 2034
564 566
707 1439
360 361
359 360
1480 1481
2833 2814
1436 1437
1571 1566
1568 1571
1567 1568
2884 2858
1467 1470
1993 1994
2058 2059
2434 2436
2440 2492
1564 1565
162 163
553 557
556 553
1465 1466
351 367
367 368
368 352
2050 2051
1434 1435
1563 1599
1983 1981
1433 1434
1599 1558
2418 2423
2051 2052
2809 2811
2621 2620
2590 2592
694 695
2395 2396
1596 1597
656 592
2632 2588
1794 1795
2877 2878
2878 2879
1813 1814
653 654
2619 2618
1228 1227
1738 1739
167 164
1799 1800
539 540
1751 1752
1370 1375
1230 1232
1230 1233
1926 1927
1226 1230
540 542
2579 2577
1785 1791
528 529
1784 1785
1923 1810
1810 1920
2829 2828
1922 1920
2613 2614
1805 1806
1787 1788
2578 2583
638 635
584 585
1381 1382
1917 1918
633 635
1425 1418
641 642
642 632
2393 2394
2386 2393
2616 2614
1780 1781
1917 1919
1948 1949
1259 1260
2625 2626
1774 1780
1721 1722
2584 2586
1718 1721
1947 1943
1931 1947
1206 1218
1772 1774
1946 1947
1417 1416
1773 1772
1919 1916
192 193
1916 1915
1723 1728
2624 2623
518 519
1941 1942
2815 2816
2876 2872
189 190
1350 1351
2818 2827
1408 1409
2946 2947
2794 2796
1768 1767
1764 1767
1764 1768
1765 1764
1889 1890
1763 1764
1763 1765
643 644
1889 1891
1244 1248
1761 1762
1403 1404
1248 1247
1939 1940
1903 1905
1725 1726
2825 2826
1245 1246
2569 2570
1902 1903
1903 1841
1245 1242
2559 2560
1240 1242
1902 1840
1674 1676
2568 2566
1873 1872
1842 1837
1210 1209
1208 1209
1210 1208
1879 1884
1878 1879
444 443
452 443
446 441
447 444
422 392
421 422
422 456
457 456
458 457
459 410
458 459
460 458
464 429
464 462
465 459
465 414
469 465
470 469
466 468
469 468
571 468
448 464
447 448
448 451
449 451
472 451
473 457
472 473
475 473
491 473
476 475
477 449
837 477
479 475
477 479
496 476
480 481
484 479
486 480
485 482
486 485
487 486
937 488
950 487
492 491
489 476
497 492
493 492
499 493
482 481
495 496
500 485
500 495
501 500
497 499
502 499
503 501
502 503
503 504
509 506
512 509
509 507
511 505
514 509
512 511
961 513
515 335
518 516
518 353
520 519
520 515
523 520
521 523
407 515
406 407
524 407
527 415
527 525
528 523
529 530
536 529
533 531
582 533
530 534
534 531
538 530
538 537
539 538
539 541
543 352
546 543
544 374
546 374
547 519
547 543
547 528
550 546
550 548
371 374
551 547
551 552
559 550
555 537
551 553
556 536
555 556
558 555
558 557
558 541
559 551
563 559
562 557
564 562
560 562
567 563
569 567
574 527
573 527
574 573
575 524
575 574
578 575
571 572
576 572
579 578
614 580
614 581
582 524
586 533
584 534
585 538
586 584
542 585
588 586
590 588
600 590
594 578
593 594
581 593
594 595
589 582
589 595
596 589
588 589
597 596
598 597
591 596
627 595
628 596
591 588
590 591
598 600
601 571
607 602
602 579
605 601
605 493
508 605
508 499
507 508
606 508
609 607
608 603
607 608
608 613
613 614
616 613
618 616
624 621
1195 617
615 593
629 625
625 627
613 615
629 615
628 627
629 630
630 628
630 631
637 600
636 633
636 597
636 631
637 633
638 637
638 639
631 632
641 636
641 635
648 630
643 615
643 645
644 646
650 632
649 632
649 650
650 651
653 650
693 654
655 649
655 653
1431 654
566 541
658 541
592 540
656 657
590 592
656 658
660 658
660 566
661 660
663 662
661 662
568 562
665 661
664 662
667 669
672 569
672 673
668 670
671 668
663 664
674 664
675 674
673 674
677 673
677 671
678 677
680 639
690 680
681 663
680 681
685 681
686 681
686 682
689 686
689 685
703 685
690 688
691 690
691 651
692 691
687 688
697 688
693 692
694 693
694 692
1431 695
705 694
697 699
699 687
701 699
702 703
702 701
708 701
724 702
704 705
704 706
1448 706
708 706
711 703
711 709
723 712
717 679
678 679
714 715
717 712
718 714
723 711
723 721
726 721
720 721
725 708
719 722
719 717
718 719
729 727
728 260
728 264
729 728
733 197
732 730
736 734
736 728
737 736
744 746
739 283
739 297
740 305
745 747
742 741
748 741
750 311
439 310
750 439
751 749
755 751
751 750
752 751
752 750
756 752
755 756
757 747
758 737
759 757
761 760
761 755
763 761
761 762
764 765
764 763
770 763
766 767
765 766
737 738
738 732
792 738
778 758
770 762
774 772
771 772
778 776
779 778
779 780
783 782
770 771
783 771
1074 783
801 783
801 802
732 733
788 733
789 788
788 789
790 789
796 792
795 792
795 793
796 786
779 781
799 801
803 801
804 803
806 797
807 806
805 807
804 805
810 804
808 810
811 796
811 790
798 811
797 798
814 812
814 806
816 814
815 816
821 819
2680 821
438 439
825 823
825 826
845 825
830 828
829 828
830 765
863 829
825 827
833 831
864 833
834 440
834 826
835 826
843 837
839 455
842 839
930 844
845 835
845 831
846 845
846 847
848 846
852 848
849 848
851 849
852 847
880 852
855 853
855 851
882 855
850 834
849 850
882 851
898 856
902 436
858 830
858 860
863 860
868 865
867 864
874 867
869 868
891 868
878 869
871 775
874 863
876 874
876 878
913 878
875 860
872 875
871 872
877 872
1054 877
879 847
866 879
891 866
896 882
885 855
886 882
890 895
892 881
893 892
915 888
894 888
916 890
906 895
901 898
903 902
902 900
908 900
903 839
907 901
912 903
904 890
904 906
905 907
919 905
907 908
909 912
911 909
913 891
1057 913
914 893
1058 918
919 916
920 919
922 920
922 918
922 923
920 921
924 923
926 924
927 926
1063 927
928 926
929 928
929 927
931 843
931 484
933 931
932 930
934 484
934 936
936 935
934 937
939 488
941 935
942 940
942 931
944 933
947 941
945 930
945 932
966 947
965 943
951 950
951 501
952 950
935 939
954 951
953 501
956 952
954 956
956 947
958 511
958 953
959 511
1180 962
963 959
964 958
963 964
963 962
1185 977
966 956
967 954
967 966
971 967
972 965
968 970
971 972
973 971
970 972
974 972
974 973
975 970
1020 975
979 974
971 964
978 977
981 973
1024 980
1025 981
982 978
1027 982
983 984
1200 983
983 982
985 903
995 985
985 986
986 948
987 988
991 987
989 948
987 989
988 986
991 988
1001 986
1035 989
1035 991
993 909
993 985
994 993
1001 995
996 995
998 996
998 994
996 997
994 928
1000 994
1004 997
1000 997
1002 1001
1002 991
1003 1002
1036 1003
1006 1004
1006 1002
1007 1006
1007 1009
1009 1010
1092 1006
990 965
1016 968
1018 1014
989 990
990 1015
1016 1014
1015 1017
1014 970
1018 1019
1019 1020
1022 1017
1022 1015
1022 1019
1022 990
1026 1020
1026 979
1026 1024
1024 1025
1027 1025
1028 1027
1029 1028
1032 1028
1289 1032
1042 1025
1036 1035
1039 1036
1038 1036
1114 1009
1040 1039
1046 1044
1044 1045
1046 1039
1047 1045
1047 1046
1049 1048
766 768
768 1051
858 768
1051 764
873 774
871 873
1052 775
1059 1057
1056 1057
1054 1056
774 775
1058 1059
1061 1058
925 1061
923 925
1065 925
1066 1065
1076 1070
1074 1070
1073 1056
1071 1073
2097 1075
2099 1076
1077 1065
1082 1077
1081 1082
1085 1081
1148 1085
1091 929
1091 1087
1090 1000
1090 1089
1083 1063
1083 1091
1081 1083
1101 1083
1102 1091
1008 1092
1099 1093
1098 1090
1095 1092
1096 1095
1095 1008
1101 1079
1103 1101
1107 1103
1106 1102
1107 1106
1104 1098
1110 1098
1108 1106
1140 1108
1109 1108
1109 1107
1110 1111
1110 1108
1131 1110
1115 1038
1115 1113
1116 1115
1116 1117
1119 1117
1120 1119
1120 1116
1122 1120
1125 1120
1121 1118
1129 1121
1122 1121
1123 1119
1123 1046
1125 1123
1124 1049
1127 1124
1129 1111
1111 1118
1131 1132
1135 1131
1135 1122
1133 1135
1136 1125
1136 1135
1137 1136
1137 1124
1161 1137
1138 1137
1138 1050
1139 1138
1163 1138
1145 1109
1146 1140
1144 1140
1143 1144
1155 1143
1146 1145
1146 1144
1150 1145
1150 1151
1150 1148
2115 1151
1154 1145
1152 1154
1133 1132
1162 1160
1162 1156
1160 1161
1163 1161
1169 1170
1169 1167
1171 1169
1171 1161
1174 1171
2117 1162
1172 1174
1178 1175
2130 1178
2125 1177
1179 514
1831 1832
2822 2823
580 581
579 580
1707 1708
1878 1877
2926 2927
2347 2339
2800 2802
1835 1836
2321 2322
1345 1340
618 617
616 617
1337 1340
1208 1205
1204 1207
1335 1337
1203 1204
1205 1203
349 350
1838 1863
1339 1342
1338 1339
2541 2542
1195 1196
1844 1864
1694 1695
1212 1213
1673 1344
1211 1212
1211 1213
2819 2782
2799 2798
2797 2798
1320 1318
1821 1822
1693 1692
2368 2369
1690 1691
347 348
1820 1826
336 337
2317 2319
573 572
2152 2320
2798 2735
609 610
611 610
609 611
1295 1296
1299 1295
2734 2735
606 607
2150 2151
1291 1293
1681 1683
2314 2140
1185 1186
1184 1185
2175 2176
601 602
1290 1289
1314 1048
2725 2724
1047 1048
1170 1167
1294 1033
2312 2310
1167 1164
1029 1030
1127 1050
1031 1032
1178 1177
1163 1164
170 169
2170 2171
961 962
2125 2126
1042 1044
2722 2723
2137 2138
2148 2149
964 977
2129 2133
174 175
2729 2730
2164 2165
2748 2749
506 502
504 505
506 504
2254 2255
974 975
2262 2263
2145 2144
2252 2253
399 403
402 414
412 402
953 954
1018 1017
2186 2245
2743 2744
2773 2774
331 333
1016 1015
497 498
2239 2240
2712 2718
2711 2712
2740 2741
3013 3010
3163 3164
3316 3317
3312 3268
3266 3267
3159 3160
3257 3258
3264 3265
3137 3138
3106 3107
3136 3135
3156 3158
3039 3037
3066 3067
3270 3271
3276 3274
3344 3345
3343 3344
3343 3345
3058 3059
3275 3277
3253 3254
3097 3095
3249 3251
3032 3033
3110 3116
3246 3244
3340 3341
3296 3297
3299 3300
3287 3288
3185 3186
3230 3227
3333 3335
3333 3336
3126 3127
3181 3182
3228 3229
3226 3227
3204 3205
3228 3225
3226 3225
3337 3338
3192 3193
3194 3197
3193 3194
3283 3282
2861 2862
2967 2968
3084 3085
3290 3291
3089 3101
2895 2896
3221 3223
3174 2485
2990 2991
3026 3023
2646 2647
2469 2470
1642 1641
1533 1535
667 668
2649 2650
2856 2857
2513 2514
670 671
670 672
2481 2482
1663 1655
2089 2090
1638 1637
2668 2669
1640 1639
2956 2954
679 714
2020 2022
1662 1656
1654 1655
1645 1636
722 720
2083 2084
1521 1522
1511 1512
1626 1627
1628 1629
1626 1628
1516 1517
2453 2454
372 373
1519 1518
2450 2478
2891 2890
2943 2941
2456 2455
2079 2080
2451 2452
2666 2659
2940 2942
2079 2081
2942 2939
1508 1509
2455 2433
2015 2016
567 568
1593 1594
726 725
724 725
724 726
568 665
370 371
2932 2933
1515 1578
2070 2071
2069 2070
1606 1607
563 560
1624 1615
1978 1979
1979 2002
2442 2443
22 23
2445 2441
2425 2426
2064 2065
2063 2064
2847 2848
2003 2006
1496 1497
1616 1617
1606 1608
2594 2642
2007 2008
1970 1971
17 18
18 19
16 19
16 18
19 15
14 15
14 16
14 17
1620 1622
1970 1972
1999 2000
1574 1575
165 166
1586 1589
2638 2594
2838 2840
689 687
2840 2846
496 497
491 489
1141 1132
1132 1143
1093 1094
939 952
2221 2222
481 495
1157 2117
1156 1157
1160 1155
2284 2282
1157 2114
2281 2282
2281 2283
1155 1152
1013 1093
1011 1013
2276 2277
487 488
1008 1013
1007 1008
1156 1153
2218 2219
1152 1153
2714 2715
1159 2114
1153 1159
2716 2717
400 402
2117 2121
2234 2231
1159 2115
940 941
934 935
479 480
153 154
388 400
1096 1097
398 388
942 943
1096 1098
944 943
944 942
2736 2737
2229 2230
2120 2121
2272 2271
936 940
2228 2229
2709 2710
1104 1106
395 396
1102 1103
1154 1151
332 327
2112 2107
932 933
2765 2766
408 410
2764 2763
147 148
2197 2198
2693 2694
843 844
841 844
908 912
842 841
899 900
386 387
396 385
898 899
899 901
911 921
905 909
921 924
2199 2201
906 907
324 325
904 905
850 856
2202 2203
896 895
2208 2209
2756 2759
889 890
321 320
887 888
446 455
453 454
915 916
452 453
454 455
894 915
852 853
893 894
1082 1084
880 881
914 918
913 914
891 892
389 390
2205 2206
182 183
876 877
874 875
2102 2103
326 328
384 383
426 436
827 829
1068 1070
1075 1076
2196 820
802 1075
873 1051
756 828
858 859
1074 802
143 145
312 313
225 312
145 146
186 187
291 292
224 225
307 308
753 755
748 749
759 760
782 780
305 306
740 741
739 740
274 275
757 758
269 266
744 745
744 745
52 63
781 797
795 781
282 283
220 221
123 122
53 55
56 50
64 65
47 48
124 125
117 118
214 215
33 34
238 208
36 37
39 38
201 202
86 80
84 86
91 90
205 206
205 203
94 96
74 75
259 260
260 262
262 259
259 248
247 248
261 260
261 262
248 249
247 249
257 261
255 257
249 254
254 255
257 258
254 256
252 258
251 252
256 251
733 784
6 7
9 10
12 13
26 27
39 40
41 42
44 45
53 54
52 67
68 69
75 76
78 79
84 85
88 89
94 95
101 102
108 109
111 112
114 115
118 119
131 132
135 136
137 138
143 144
149 150
154 155
157 158
178 179
180 181
184 185
193 194
198 199
203 204
212 213
216 217
219 223
226 227
215 231
236 237
244 245
243 246
250 263
267 268
269 270
275 276
280 281
286 287
295 296
298 299
303 304
306 309
321 322
329 330
341 342
345 346
361 362
377 378
380 381
392 393
396 397
400 401
404 405
408 409
412 413
302 416
419 393
424 425
428 429
430 428
434 435
441 442
449 450
460 461
462 463
466 467
470 471
474 472
477 478
482 483
489 490
493 494
505 510
516 517
521 522
525 526
531 532
535 536
537 535
544 545
548 549
552 554
560 561
564 565
569 570
576 577
582 583
542 587
598 599
603 604
608 612
622 623
625 626
633 634
639 640
645 647
651 652
657 659
665 666
675 676
682 683
681 684
695 696
698 700
709 710
712 713
715 716
722 713
730 731
734 735
742 743
753 754
747 735
762 769
772 773
776 777
786 787
793 794
799 800
808 809
812 813
821 822
823 824
831 832
835 836
837 838
853 854
856 857
859 861
860 862
869 870
870 867
861 767
896 897
910 911
908 910
916 917
937 938
945 946
948 949
955 953
954 955
956 957
960 959
961 960
968 969
975 976
991 992
998 999
1004 1005
1011 1012
1020 1021
1022 1023
1033 1034
1037 1038
1040 1041
1042 1043
1052 1053
1054 1055
1059 1060
1061 1062
1063 1064
1066 1067
1068 1069
1071 1072
1077 1078
1079 1080
1085 1086
1087 1088
1088 1089
1099 1100
1104 1105
1117 1037
1125 1126
1127 1128
1129 1130
1133 1134
1141 1142
1146 1147
1153 1158
1165 1166
1164 1168
1182 1183
1183 1188
646 619
984 1197
1198 1199
1212 1214
1219 1220
1240 1241
1254 1255
1265 1266
1272 1273
1030 1288
1291 1292
1302 1303
1296 1311
1318 1319
1321 1322
1348 1349
1354 1355
1356 1357
1362 1363
1375 1376
1383 1384
1388 1389
1395 1396
1401 1402
1414 1415
1427 1428
1435 1441
1448 1449
1447 1452
1467 1469
1474 1477
1491 1492
1461 1499
1519 1520
1524 1525
1568 1570
1515 1577
1600 1601
1603 1604
1607 1609
1614 1619
1652 1653
1665 1666
1674 1675
1678 1679
1681 1682
1698 1699
1705 1706
1710 1711
1713 1714
1719 1720
1729 1730
1730 1732
1429 1737
1739 1747
1749 1750
1750 1745
1726 1754
1765 1766
1775 1776
1746 1783
1797 1798
1811 1812
1816 1817
1174 1825
1827 1828
1823 1829
1832 1839
1846 1847
1851 1852
1861 1865
1868 1869
1870 1871
1897 1899
1904 1891
1893 1904
1807 1921
1918 1929
1933 1934
1912 1937
1952 1953
1949 1955
1950 1959
1961 1962
1962 1963
1965 1966
1973 1974
1796 1982
1986 1987
2011 2006
2012 2011
2018 2015
2020 2021
2024 2018
2029 2030
2031 2029
2034 2035
2038 2039
2048 2049
2061 2060
2065 2066
2066 2072
2077 2078
2081 2082
2094 2095
2097 2098
2103 2104
2112 2113
2118 2119
2117 2122
2123 2124
2135 2136
2139 2143
2153 2154
2159 2160
2166 2168
2167 2169
2176 2177
2178 2179
2188 2189
2192 2193
2199 2200
2203 2204
2209 2210
2213 2214
2223 2224
2230 2233
2231 2235
2242 2243
2245 2246
2250 2251
2259 2260
2264 2265
2269 2270
2277 2278
2283 2289
2291 2292
2285 2299
2300 2301
2303 2304
2307 2308
2310 2311
2315 2316
2317 2318
2325 2326
2333 2334
2342 2343
2343 2345
2355 2356
2366 2367
2370 2371
2374 2375
2380 2381
2387 2388
2398 2399
2403 2405
2409 2410
2412 2413
2419 2061
2360 1965
2430 2431
2434 2435
2438 2439
2445 2446
2448 2449
2465 2466
2475 2476
2484 2488
2401 2493
2497 2496
2503 2504
2507 2508
2510 2511
2520 2524
2527 2528
2544 2545
2554 2555
2560 2562
2566 2567
2575 2576
2584 2585
2588 2589
2590 2591
2597 2598
2599 2268
2596 2599
2604 2605
2607 2608
2611 2612
2616 2617
2627 2611
2626 2629
2635 2637
2639 2641
2643 2644
2650 2651
2652 2653
2661 2662
2663 2664
2666 2667
2669 2671
2676 2677
2689 2690
2695 2696
2699 2700
2703 2704
2707 2708
2718 2719
2731 2732
2739 2742
2744 2745
2757 2758
2760 2761
2767 2768
2774 2775
2780 2781
2783 2784
2785 2786
2792 2793
2794 2795
2798 2801
2805 2806
2809 2810
2820 2821
2829 2830
2835 2836
2838 2839
2842 2843
2849 2850
2859 2860
2865 2866
2824 2868
2873 2874
2880 2881
2885 2886
2892 2893
2898 2899
2900 2901
2907 2908
2919 2920
2927 2929
2936 2937
2944 2945
2949 2950
2951 2952
2959 2960
2968 2969
2976 2977
2980 2981
2988 2989
2992 2993
3003 3005
3008 3009
3019 3020
669 3022
3026 3027
3030 3031
2997 3036
3040 3041
3042 3043
3034 3035
3048 3049
3053 3054
3062 3063
3064 3065
3075 3076
3081 3082
3086 3087
3090 3091
3095 3096
3103 3104
3114 3115
3117 3118
3119 3120
3129 3130
3131 3132
3142 3143
3152 3153
3156 3157
3161 3162
3164 3166
3167 3168
3170 3171
3172 3173
2485 3175
3178 3179
3183 3184
3194 3196
3186 3202
3202 3203
3216 3217
3221 3222
3229 3232
3239 3240
3240 3238
3244 3245
3247 3248
3249 3250
3255 3261
3272 3273
2534 3280
3284 3285
3292 3293
3297 3298
3288 3302
3304 3305
3309 3310
3268 3315
3321 3322
3338 3339
3335 3339
3341 3342
3347 3348
2983 2984
2963 2964
3133 3134
3148 3149
2507 2505
1254 1250
618 619
3241 3231
3231 3216
3216 3213
2973 2974
2971 2972
2974 2972
2984 2985
2679 2681
729 197
3 2
1 2
4 2
2972 2982
3014 3015
3326 3327
3326 3320
3319 3320
3329 3320
3328 3320
3323 3325
3323 3324
3349 3350
3349 3324
3351 3352
3351 2961
2955 2961
2957 2961
2965 2915
2947 2915
2951 2915
2951 2914
2916 2914
2913 2914
2916 2915
2913 2915
2683 2685
2684 2685
2685 2681
791 196
785 196
197 196
727 196
195 196
2328 2324
2324 1888
8 5
4 5
8 6
12 8
21 4
14 12
21 17
22 21
15 20
25 26
24 25
30 28
30 31
33 30
32 28
34 32
34 35
38 36
36 33
28 29
43 29
41 29
41 32
43 41
46 43
56 46
51 44
49 46
48 41
37 35
47 35
49 48
53 44
53 51
49 50
64 50
55 56
58 37
57 38
57 58
57 59
59 31
117 58
60 47
60 58
62 55
61 51
61 62
65 60
117 65
122 65
123 64
66 62
51 52
61 63
72 26
70 25
71 72
77 72
70 71
73 70
81 77
78 77
78 71
82 78
81 74
82 81
83 82
87 73
86 87
78 80
92 87
91 80
90 83
88 90
92 91
93 74
97 93
94 93
103 99
97 99
96 97
100 83
100 96
98 100
98 88
96 98
101 98
106 104
103 104
110 106
108 103
101 99
107 108
111 107
128 31
114 59
116 57
116 118
114 116
126 114
125 116
125 126
124 118
120 121
124 120
121 123
121 66
120 122
127 73
128 126
128 127
129 66
130 129
130 68
131 66
133 127
134 92
135 133
133 134
113 134
111 113
224 131
143 145
146 63
147 148
149 147
151 149
11 151
152 151
152 146
153 152
156 153
172 156
9 11
160 159
157 20
165 157
159 9
160 20
160 161
162 160
167 168
172 11
172 159
173 172
169 173
174 173
176 163
176 177
178 176
182 156
184 183
224 187
188 175
171 170
188 180
190 171
191 190
191 188
164 171
192 190
727 195
104 105
108 110
200 110
198 106
105 198
202 200
198 200
205 198
206 202
105 195
230 201
207 206
209 107
209 201
210 209
211 113
210 211
229 212
214 209
229 214
216 210
220 211
218 137
220 218
222 216
222 215
226 224
218 219
228 212
229 228
238 230
230 228
232 215
232 233
234 232
235 222
235 221
235 234
236 233
239 234
238 233
241 208
207 208
240 236
239 240
241 240
242 221
244 239
244 242
242 243
271 242
727 253
251 253
247 250
252 256
258 255
264 253
265 241
273 265
267 207
271 266
272 271
265 266
274 273
285 273
274 272
277 272
289 280
282 264
278 279
282 279
278 273
284 277
300 285
290 285
290 286
290 288
288 278
291 277
417 292
300 295
288 289
289 279
297 283
298 297
307 300
301 302
303 301
305 300
311 308
310 303
310 311
313 184
316 226
315 313
317 315
314 315
318 314
323 314
319 317
320 323
319 320
324 319
329 318
332 323
395 327
329 331
334 333
399 334
336 191
336 192
338 318
338 336
343 338
339 338
2986 355
343 341
344 343
344 329
340 344
339 340
347 340
353 350
335 348
353 335
334 335
354 339
354 355
356 354
357 345
357 356
358 357
359 356
360 358
363 359
355 363
365 358
364 365
363 364
349 351
351 365
367 369
370 369
372 369
326 317
385 325
379 377
379 328
389 379
382 380
384 382
386 385
391 387
389 382
391 390
419 391
398 395
386 388
398 399
406 404
406 403
394 387
411 410
411 394
456 411
392 394
415 414
415 403
431 302
426 417
431 417
418 390
423 418
420 419
423 420
420 421
429 421
444 418
443 427
430 423
447 430
432 431
433 301
437 433
433 310
437 432
434 432
424 426
440 434
440 436
438 437
823 438
440 438
1181 1179
1180 1179
1182 1181
1186 1184
1188 1184
1190 1188
1189 1182
1191 1189
1186 1187
1191 624
1193 1191
1192 1190
1193 1192
1196 1193
1194 1187
984 978
1198 984
1202 1198
1216 1213
1203 1202
1211 1202
1212 1204
1207 1209
1215 1207
1304 1215
1217 644
1217 648
1218 1217
1206 1195
1228 648
1229 655
1262 1224
1225 1227
1229 1228
1442 1229
1236 1232
1442 1236
1239 1210
1239 1237
1249 1244
1256 1257
1255 1256
1260 1256
1275 1233
1274 1235
1274 1275
1274 1276
1284 1274
1285 1275
1284 1283
1371 1285
1284 1285
1373 1284
1291 1290
1200 1201
1293 1289
1299 1291
1295 1293
1294 1293
1298 1290
1297 1291
1310 1294
1310 1295
1297 1298
1299 1297
1300 1030
1316 1298
1301 1300
1215 1216
1201 1216
1306 1201
1302 1216
1306 1300
1321 1306
1307 1201
1308 1307
1309 1308
1310 1045
1312 1296
1313 1310
1313 1312
1313 1314
1315 1297
1315 1316
1315 1312
1317 1313
1668 1048
1317 1314
1669 1317
1320 1313
1324 1321
1323 1307
1323 1321
1325 1323
1346 1329
1331 1332
1395 1332
1338 1335
1339 1320
1346 1345
1347 1346
1407 1347
1348 1346
1350 1249
1350 1255
1351 1256
1354 1260
1350 1352
1353 1352
1352 1356
1359 1353
1358 1251
1358 1356
1394 1359
1351 1353
1360 1354
1365 1360
1362 1361
1364 1365
1362 1364
1378 1369
1375 1377
1377 1373
1378 1360
1380 1367
1385 1380
1419 1385
1392 1358
1391 1332
1393 1394
1395 1392
1395 1347
1398 1394
1398 1362
1399 1398
1400 1399
1414 1398
1414 1400
1401 1399
1418 1401
1410 1406
1413 1408
1412 1413
1716 1413
1414 1408
1416 1413
1417 1400
1417 1418
1719 1416
1382 1401
1420 1419
1426 1382
1421 1383
1422 1420
1425 1426
1735 1719
1427 1424
1597 1602
1433 695
1432 1431
1432 1433
1432 1229
1432 1434
1436 705
705 1433
1436 1434
1439 1437
1440 1432
1435 1440
1443 1440
1443 1442
1463 1443
1437 1438
1435 1438
1447 1439
1444 1439
1444 1438
1445 1444
1445 1443
1464 1445
1446 1445
1446 1447
1455 1446
704 707
1450 707
1450 1451
1456 1454
1456 1451
1455 1454
1457 1455
1457 1456
1457 1458
1451 1459
1459 1460
1458 1456
1489 1458
1277 1442
1463 1464
1465 1463
1276 1277
1473 1277
1277 1463
1468 1464
1471 1464
1468 1446
1472 1468
1483 1468
1465 1467
1475 1473
1282 1473
1473 1465
1466 1476
1482 1455
1484 1479
1490 1487
1488 1486
1491 1488
1489 1485
1490 1489
1493 1480
1493 1491
1495 1488
1498 1493
1496 1490
1576 1505
1459 1461
1500 720
1510 1501
1505 1503
1509 1507
1514 1506
1511 1503
1508 1504
1516 1508
1511 1510
1513 1510
1509 1514
1514 1515
1628 1518
1582 1509
1516 1512
1517 1518
1521 1517
1522 1519
1630 1522
1626 1522
1521 1523
1526 1513
1529 1527
1532 1529
1530 1531
1532 1530
1523 1512
1638 1523
1538 1513
1537 1538
1537 1535
1541 1377
1547 1478
1387 1541
1598 1561
1564 1560
1571 1564
1565 1566
1494 1481
1493 1494
1573 1497
1515 1576
1580 1515
1574 1576
1579 1576
1569 1575
1566 1572
1591 1579
1593 1591
1598 1565
1600 1597
1605 1598
1589 1590
1611 1589
1618 1614
1590 1618
1624 1606
1592 1582
1631 1629
1648 1635
1634 1592
1635 1634
1650 1634
1635 1594
1636 1632
1636 1634
1652 1636
1639 1633
1640 1638
1647 1538
1647 1641
1642 1643
1645 1639
1645 1646
1646 1640
1663 1646
1647 1646
1607 1593
1649 1648
1649 1650
1650 1651
1654 1651
1651 1652
1656 1652
1654 1656
1657 1625
1658 1659
1973 1658
2017 1661
2013 1661
2017 1655
1662 1645
1663 1662
1664 1641
1664 1647
1668 1665
1049 1050
1667 1668
1665 1667
1669 1665
1669 1318
1343 1669
1673 1343
1670 1667
1671 1670
1680 1670
1684 1671
1672 1673
1671 1672
1339 1343
1677 1344
1678 1677
1697 1677
1680 1139
1680 1681
1683 1684
1685 1683
1685 1139
1688 1686
1688 1685
1686 1672
1686 1684
1687 1688
1689 1688
1695 1689
1690 1689
1693 1689
1816 1690
1696 1694
1697 1696
1703 1697
1698 1700
1708 1703
1760 1698
1707 1705
1709 1708
1676 1411
1715 1713
1724 1676
1724 1713
1715 1716
1715 1717
1727 1715
1716 1719
1717 1718
1718 1719
1725 1724
1734 1727
1731 1723
1742 1722
1736 1429
1784 1742
1748 1739
1753 1743
1968 1748
1753 1748
1751 1753
1756 1726
1758 1756
1758 1734
1773 1758
1775 1759
1762 1760
1760 1710
1761 1756
1763 1762
1765 1761
1768 1769
1782 1775
1778 1774
1901 1781
1786 1752
1785 1786
1801 1793
1794 1748
1803 1782
1804 1800
1922 1806
1991 1795
1818 1816
1170 1818
1824 1818
1819 1818
1819 1691
1822 1819
1824 1169
1174 1824
1176 1826
1827 1822
1819 1820
1843 1827
1834 1831
1831 1709
1712 1833
1831 1833
1840 1833
1834 1830
1834 1823
1838 1834
1836 1838
1842 1832
1835 1837
1842 1840
1870 1837
1870 1841
1176 1174
1173 1176
1846 1826
1845 1820
1845 1843
1864 1845
1851 1820
1849 1846
1848 1846
2130 1848
1856 1848
1850 1856
1853 1855
2315 1857
1858 1854
1860 1858
1858 1859
1875 1860
1844 1838
1855 1864
1866 1864
1867 1868
1872 1868
1883 1870
1873 1870
1878 1872
1875 1866
1860 1861
1876 1874
2321 1876
1875 1876
1881 1883
1885 1879
1951 1886
1712 1767
1767 1889
1890 1770
1902 1891
1892 1778
1909 1905
1946 1919
1930 1931
1926 1923
1917 1920
1932 1927
1918 1925
1930 1918
1930 1932
1932 1933
1933 1935
1936 1935
2052 1936
1961 1936
1883 1909
1939 1883
1941 1938
1944 1942
1944 1945
1946 1941
1942 1943
1954 1944
1948 1943
1950 1931
1948 1950
1945 1951
1952 1945
1958 1952
1954 1949
1957 1954
1952 1954
1956 1948
1957 1956
1958 1957
2350 1958
2351 1957
1960 1930
1950 1960
1960 1961
1963 1960
2052 1963
1950 1956
1967 1599
1969 1967
1968 1967
1967 1605
1980 1969
1603 1622
1970 1603
1975 1617
1658 1660
1660 1973
1660 1975
1971 1975
2014 1973
2016 2014
1977 1971
1976 1977
2016 1978
1980 1981
1983 1969
1986 1981
1755 1983
1986 1755
1995 1986
1999 1988
1996 1989
1990 1980
1990 1992
2028 1990
2005 1996
2000 2001
2005 2000
2007 2000
2002 2003
2004 2002
2008 2005
2007 2003
2009 1995
2009 2008
2037 2008
2012 2004
2037 2012
2040 2004
2013 2014
2019 2013
2022 2017
2020 2019
2023 2022
2023 1664
2024 1979
2025 2024
2025 2019
2026 2025
2026 2023
2028 1935
2032 2028
2033 2010
2050 2032
2053 2032
2033 2032
2036 2033
2053 2034
2009 2010
2038 2009
2041 2038
2040 2037
2041 2040
2042 2040
2062 2036
2062 2041
2044 2041
2042 2043
2068 2046
2047 2045
2067 2047
2050 2048
2051 2048
2055 2052
2054 2053
2060 2054
2056 1966
2058 2056
2057 2056
2412 2057
2412 2058
2059 2060
2073 2054
2063 2062
2067 2063
2069 2047
2069 2067
2070 2068
2073 2064
2426 2073
2419 2073
2072 2071
2074 2071
2425 2072
2075 2074
2075 2072
2452 2075
2087 2074
2076 2042
2076 2068
2077 2076
2083 2077
2026 2027
2079 2068
2084 2080
2086 2080
2085 2084
2085 2086
2089 2085
2087 2081
2088 2086
2451 2087
2088 2087
2453 2088
2094 2090
2458 2090
2091 2083
2092 2091
2027 2091
2092 2089
2093 2027
2096 2092
2096 2094
2099 803
2100 2099
2100 1073
2101 2100
1084 2100
1149 1084
1148 1149
2106 1149
2102 810
2102 2101
2105 2101
2105 2106
2108 2109
2159 2109
2108 2105
2108 2110
2111 2108
2107 2116
2120 2116
2115 2116
2120 2114
2106 2107
2118 2109
2120 2118
2163 2121
2126 2123
2128 2126
2129 2117
2128 2129
2132 2126
2135 2128
2125 2127
2131 2127
2127 2130
2132 2131
2135 2132
2140 2131
2137 2133
2137 2135
2133 2134
2142 2132
2141 2135
2142 2140
2142 2141
2150 2142
2139 2134
2144 2134
2145 2146
2137 2139
2147 2138
2149 2139
2148 2147
2156 2147
2155 2148
2138 2141
2153 2150
2149 2146
2155 2149
2155 2156
2156 2157
2167 2155
2167 2146
2170 2156
2157 2153
2158 2157
2178 2162
2159 2111
2161 2162
2163 2144
2163 2162
2164 2145
2182 2163
2181 2166
2164 2166
2170 2167
2171 2158
2165 2167
2172 2165
2172 2171
2172 2173
2174 2172
2184 2174
2176 2174
2190 2175
2178 2180
2187 2183
2185 2186
2185 2187
2247 2185
2187 2188
2190 2174
2191 2190
2192 2191
2194 2190
2194 2188
2256 2194
2192 2194
818 810
818 2105
817 818
2195 818
2207 2195
2198 2111
2197 2110
2201 2197
2110 2195
2207 2202
2201 2202
819 820
2195 2196
2208 2207
2212 2208
2211 2212
2211 2205
2213 2211
2215 2111
2215 2198
2215 2161
2216 2161
2217 2216
2218 2217
2225 2219
2221 2217
2221 2219
2223 2222
2225 2223
2226 2227
2228 2227
2232 2226
2226 2228
2234 2220
2218 2220
2220 2227
2234 2219
2234 2228
2231 2225
2236 2225
2236 2237
2241 2236
2229 2231
2238 2231
2238 2236
2239 2241
2240 2238
2242 2239
2244 2240
2245 2216
2248 2247
2249 2247
2248 2186
2237 2248
2250 2248
2249 2250
2324 2328
1888 2324
5 8
5 4
6 8
8 12
4 21
12 14
17 21
21 22
20 15
26 25
25 24
28 30
31 30
30 33
28 32
32 34
35 34
36 38
33 36
29 28
29 43
29 41
32 41
41 43
43 46
46 56
44 51
46 49
41 48
35 37
35 47
48 49
44 53
51 53
50 49
50 64
56 55
37 58
38 57
58 57
59 57
31 59
58 117
47 60
58 60
55 62
51 61
62 61
60 65
65 117
65 122
64 123
62 66
52 51
63 61
26 72
25 70
72 71
72 77
71 70
70 73
77 81
77 78
71 78
78 82
74 81
81 82
82 83
73 87
87 86
80 78
87 92
80 91
83 90
90 88
91 92
74 93
93 97
93 94
99 103
99 97
97 96
83 100
96 100
100 98
88 98
98 96
98 101
104 106
104 103
106 110
103 108
99 101
108 107
107 111
31 128
59 114
57 116
118 116
116 114
114 126
116 125
126 125
118 124
121 120
120 124
123 121
66 121
122 120
73 127
126 128
127 128
66 129
129 130
68 130
66 131
127 133
92 134
133 135
134 133
134 113
113 111
131 224
145 143
63 146
148 147
147 149
149 151
151 11
2254 2249
2237 2222
2252 2237
2253 2250
2261 2253
2255 2250
2261 2255
2254 2256
2257 2258
2259 2252
2241 2259
2262 2261
2263 2241
2295 2263
2264 2262
2266 2257
2267 2266
2229 2232
2269 2271
2271 2273
2274 2230
2274 2238
2275 2232
2274 2275
2276 2274
2276 2240
2286 2244
2275 2272
2279 2275
2281 2279
2282 2277
2280 2272
2286 2284
2273 2212
2273 2288
2290 2273
2279 2280
2283 2280
2283 2290
2291 2293
2295 2244
2286 2287
2287 2295
2296 2287
2285 2287
2297 2266
2297 2296
2298 2297
2307 2298
2284 2285
2285 2293
2302 2296
2305 2302
2305 2303
2302 2300
2312 2307
2305 2306
2309 2306
2309 2298
2312 2309
2725 2310
1856 2313
2314 2313
2313 1848
2314 2130
2319 2313
2317 1856
1859 2315
2152 2140
2317 1859
2150 2152
2320 2319
1860 1862
1862 2319
2325 1862
2323 1875
2323 2321
2327 2322
2327 2323
2329 1887
2324 2322
2330 2324
2327 2325
2328 2327
2331 2328
2329 2330
2151 2320
2151 2158
2333 2151
2335 2336
2338 2335
2338 2337
2340 2341
2344 2329
2346 2344
2337 2340
2335 2337
2338 2339
2347 2345
2348 2346
2348 2347
2349 1951
2349 1958
2352 2349
2354 2351
2350 2351
2352 2350
2355 2351
2353 2329
2353 2352
2354 1956
1964 2354
1963 1964
2360 1963
2357 1964
2358 2357
2361 2357
2362 2353
2389 2346
2361 2359
2363 2362
2364 2361
2363 2364
2336 2333
2336 2175
2368 2366
2366 2191
2368 2338
2370 2369
2373 2339
2372 2373
2374 2373
2376 2348
2374 2376
2370 2372
2385 2376
2377 2191
2378 2377
2379 2192
2379 2378
2377 2369
2380 2378
2541 2380
2383 2372
2382 2377
2382 2383
2384 2383
2385 2384
2543 2384
2542 2382
2544 2404
2389 2387
2386 2389
2395 2364
2397 2396
2398 2396
2401 2397
2400 2397
2400 2398
2407 2400
2385 2386
2402 2385
2404 2402
2402 2403
2406 2398
2411 2407
2411 2409
2414 2059
2414 2412
2422 2057
2418 2412
2415 2414
2420 2059
2420 2419
2427 2420
2417 2418
2434 2418
2436 2424
2432 2421
2428 2426
2427 2416
2427 2428
2430 2427
2429 2428
2430 2429
2430 2432
2433 2425
2436 2365
2436 2432
2437 2432
2437 2365
2364 2365
2438 2440
2441 2429
2442 2441
2443 2437
2447 2443
2442 2433
2447 2438
2448 2447
2448 2450
2456 2452
2453 2451
2456 2454
2457 2453
2460 2454
2459 2088
2459 2458
2459 2457
2463 2458
2460 2455
2461 2460
2472 2461
2465 2457
2462 2459
2464 2462
2467 2465
2467 2461
2468 2467
2468 2462
2463 2096
2462 2463
2464 2027
2486 2464
2483 2470
2472 2433
2473 2472
2450 2479
2473 2468
2444 2473
2444 2464
2443 2444
2474 2444
2477 2475
2486 2470
2483 2484
2487 2486
2487 2484
2490 2487
2482 2475
2489 2486
2513 2482
2490 2489
2440 2395
2401 2492
2400 2401
2494 2401
2494 2492
2499 2494
2498 2494
2495 2447
2496 2495
2502 2496
2495 2478
2408 2498
2407 2408
2500 2498
2498 2499
2501 2408
2501 2500
2503 2501
2502 2499
2505 2502
2503 2411
2505 2500
2526 2478
2509 2502
2517 2480
2513 2489
2514 2515
2510 2512
2527 2526
2526 2509
2530 2512
2531 2530
2643 2530
2645 2531
2532 2531
2535 2379
2535 2256
2536 2535
2258 2535
2538 2536
2537 2536
2538 2258
2539 2537
2540 2539
2540 2538
2541 2537
2542 2543
2547 2543
2546 2544
2549 2550
2547 2546
2548 2547
2548 2539
2551 2549
2549 2548
2551 2552
2559 2552
2552 2553
2561 2553
2559 2561
2554 2540
2556 2554
2556 2257
2595 2267
2267 2268
2557 2556
2564 2560
2563 2551
2563 2557
2563 2564
2564 2565
2557 2558
2558 2268
2602 2558
2569 2563
2568 2569
2568 2570
2572 2404
2572 2546
2573 2572
2573 2553
2574 2573
2575 2403
2581 2574
2574 2575
2582 2575
2577 2578
2580 2409
2580 2579
2565 2561
2565 2581
2581 2582
2584 2582
2587 2581
2582 2578
2571 2587
2586 2587
2588 2580
2592 2588
2619 2592
2590 2593
2595 2596
2597 2595
2600 2297
2601 2597
2601 2600
2602 2566
2602 2596
2603 2570
2604 2603
2604 2602
2606 2600
2607 2606
2606 2312
2607 2609
2610 2601
2609 2610
2627 2609
2612 2609
2615 2587
2613 2586
2616 2615
2624 2615
2618 2613
2631 2614
2631 2620
2624 2603
2623 2610
2628 2623
2625 2623
2628 2627
2803 2628
2626 2630
2631 2625
2630 2631
2580 2506
2506 2411
2505 2506
2632 2506
2633 2632
2633 2634
2636 2509
2529 2636
2634 2636
2640 2529
2527 2529
2640 2635
2638 2633
2593 2594
2639 2640
2638 2639
2646 2645
2646 2648
2648 2643
2649 2648
2652 2654
2655 2652
2655 2648
2656 2654
2656 2655
3291 2649
2622 2593
2621 2622
2657 2622
2642 2657
2658 2642
2658 2654
2659 2658
2660 2659
2661 2657
2661 2622
2663 2660
2665 2656
2665 2666
2668 2665
2670 2660
2670 2668
790 791
2675 790
2676 2675
2681 2675
2679 798
2678 816
2678 819
2678 2679
2697 2698
2682 2683
2684 2682
2687 2213
2686 2288
2692 2688
2691 2692
2697 2695
2699 2691
2702 2699
2701 2694
2702 2701
2703 2701
2689 2288
2294 2290
2291 2294
2706 2293
2706 2294
2713 2706
2707 2294
2711 2707
2711 2713
2740 2712
2718 2720
2721 2300
2721 2713
2728 2721
2722 2721
2727 2723
2722 2306
2724 2723
2726 2725
2728 2727
2720 2728
2729 2720
2729 2727
2733 2730
2731 2727
2734 2724
2733 2731
2734 2731
2735 2733
2705 2710
2736 2705
2738 2737
2738 2739
2751 2744
2703 2705
2746 2747
2746 2738
2748 2730
2750 2741
2751 2750
2752 2750
2752 2749
2747 2751
2753 2747
2753 2752
2754 2697
2754 2691
2754 2755
2757 2755
2754 2682
2755 2756
2756 2702
2759 2683
2765 2759
2762 2760
2762 2763
2770 2766
2770 2767
2769 2746
2773 2769
2771 2770
2772 2764
2783 2772
2771 2772
2773 2771
2777 2753
2779 2777
2776 2777
2779 2769
2780 2776
2778 2782
2776 2778
2787 2785
2897 2787
2790 2779
2788 2790
2787 2788
2789 2790
2792 2789
2726 2606
2804 2794
2797 2726
2797 2794
2799 2797
2799 2800
2796 2800
2815 2796
2803 2612
2804 2803
2815 2804
2805 2807
2813 2807
2808 2630
2808 2807
2812 2808
2812 2811
2816 2813
2818 2816
2812 2813
2817 2812
2831 2817
2819 2802
2802 2818
2822 2820
2823 2824
2827 2828
2832 2827
2828 2831
2845 2817
2832 2820
2876 2832
2877 2831
2877 2851
2811 2814
2837 2835
2833 2834
2834 2837
2838 2834
2673 2670
2841 2673
2841 2837
2672 2673
2842 2672
3330 2842
2844 2841
2845 2846
2847 2838
2849 2845
2849 2848
2851 2849
2884 2851
2859 2844
2856 2844
2863 2857
2863 2864
2887 2865
2867 2863
2887 2867
2869 2824
2870 2824
2869 2778
2870 2869
2791 2826
2791 2870
2871 2791
2789 2791
2875 2873
2875 2871
2871 2872
2883 2879
2882 2871
2882 2880
2883 2882
2885 2858
2891 2888
2889 2867
2887 2888
2892 2894
2895 2889
2934 2894
2894 2888
2934 2896
2762 2683
2898 2897
2903 2788
2902 2900
2903 2902
2904 2897
2905 2904
2907 2906
2905 2906
2909 2903
2909 2906
2910 2909
2911 2910
2930 2911
2912 2911
2918 2904
2921 2905
2921 2910
2922 2921
2919 2912
2923 2922
2923 2912
2924 2923
2917 2918
2951 2918
2951 2922
2925 2875
2925 2902
2928 2925
2926 2928
2930 2926
2931 2930
2932 2883
3351 2896
2935 2933
2938 2936
2939 2938
2940 2935
2943 2939
2935 2934
2944 2931
2931 2924
2946 2928
2947 2924
2946 2948
2949 2948
2948 2938
2956 2941
2953 2947
2953 2954
2958 2953
2963 2958
2962 2963
2965 2966
2967 23
2971 2967
2970 166
2973 2971
2973 2970
2975 171
2975 2970
2975 355
2975 2976
2978 2973
2978 2974
2979 2978
2979 2976
2980 2979
2987 2986
2988 2987
364 366
366 2987
2990 366
2995 2986
2998 2979
2999 2980
3000 2999
2998 2999
3001 2998
2994 3001
2992 2994
3002 3001
3002 3003
2996 2994
2995 2996
3006 2996
3007 3006
3008 3007
3011 3004
3002 3004
3004 3006
3012 3000
3013 3012
3014 3013
3016 3014
3004 3010
3016 3010
3018 2991
3018 373
3021 3019
3021 3018
669 3023
3024 3023
3024 3025
3028 3021
3028 3030
3033 3029
3025 3028
3025 3029
3034 3029
2995 2997
3039 2997
3037 3032
3037 3038
3040 3039
3024 667
3042 667
3042 3044
3047 678
3048 3047
3044 3048
3050 718
3051 3048
3051 3047
3045 3046
3052 3045
3064 3052
3053 3046
3055 3046
3092 3055
3092 3056
3056 3053
3057 3052
3058 3038
3059 3045
3060 3038
3062 3060
3060 3061
3011 3007
3069 3011
3016 3017
3017 3068
3071 2983
3071 3000
3072 3071
3073 3072
3071 3012
3074 3073
3074 3075
3074 3075
2985 3072
3073 3014
1531 3050
3077 1531
3084 3050
3078 3051
3079 3044
3078 3079
3080 3079
3088 3080
3081 3077
3081 1533
3084 3078
3083 3077
3085 3083
3086 3085
3099 3086
3090 3088
3080 3055
3093 3092
3057 3056
3097 3057
3093 3080
3095 3093
3097 3098
1643 1644
1644 3099
3100 1644
3089 3099
3101 3100
3102 3089
3102 3101
3103 1643
3103 3100
3088 3089
3094 3102
3094 3105
3113 3094
3093 3094
3098 3066
3061 3067
3061 3068
3108 3098
3131 3108
3068 3106
3111 3068
3112 1664
3112 3103
3112 3105
3114 3112
3113 3105
3109 3113
3108 3109
3110 3109
3116 3117
3108 3110
3121 2093
3123 3121
3124 3122
3124 2469
3125 3123
3128 2093
3147 3128
3133 3116
3135 3133
3139 3136
3139 3138
3144 3111
3140 3142
3139 3140
3145 3144
3141 3140
3139 3141
3141 3145
3147 3119
3155 3147
3151 3128
3155 3148
3148 3150
3211 3152
3151 3152
3154 3151
3213 3154
3159 3155
3158 3154
3017 3070
3161 3070
3111 3070
3163 3144
3163 3165
3145 3146
3146 3167
3169 3145
3170 3169
3318 3169
3318 3172
2471 3124
3125 2471
3174 2471
2469 2471
3177 3174
3176 3125
3176 3126
3177 3176
3180 3178
2483 2485
3187 3177
3187 3180
3127 3178
3181 3127
3186 3200
3183 3126
3185 3181
3185 3183
3188 3187
3190 3188
2491 2483
2491 3189
3191 3188
3182 3180
3199 3191
3192 3190
3192 3191
3195 3192
3197 3195
3204 3195
2490 2491
3218 2521
3218 3190
3204 3197
3219 3193
3200 3182
3182 3199
3203 3200
3201 3199
3199 3195
3206 3201
3208 3186
3205 3201
3207 3203
3207 3206
3209 3126
3209 3183
3209 3210
3210 3129
3214 3185
3212 3183
3215 3212
3212 3210
3210 3211
3213 3211
3208 3214
3207 3208
3216 3215
3214 3215
3253 3255
3219 3218
3220 2525
3220 3218
3221 3219
3198 3219
3197 3198
3226 3198
3224 3198
3224 3225
3221 3220
3224 3223
3234 3223
3226 3205
3228 3227
3230 3206
3231 3206
3231 3230
3233 3220
3239 3234
3239 3233
3235 2532
3235 3233
3237 3235
3235 3236
3238 3236
3242 3239
3236 3239
3282 3238
3243 3236
3241 3234
3242 3241
3243 3242
3283 3243
3252 3241
3246 3231
3244 3216
3247 3246
3254 3246
3256 3252
3251 3254
3251 3256
3257 3158
3270 3255
3264 3258
3312 3313
3276 3265
3306 3272
3274 3253
3267 3269
3269 3278
3281 3237
3281 3282
2647 3281
3284 3283
3286 3281
3284 3286
3290 2646
2674 3291
3294 3292
3294 2674
3295 3286
3295 3287
3294 3295
3296 3252
3289 3296
3287 3289
3289 3256
3275 3256
3301 3277
3303 2674
2672 2674
3304 3303
3299 3303
3306 3301
3308 3306
3307 3301
3309 3307
3308 3278
3321 3278
3311 3308
3311 3307
3332 3311
3347 3311
3266 3268
3314 3160
3312 3314
3316 3314
3279 3317
3269 3279
3319 3318
3323 3279
3326 3146
3331 3304
3332 3300
3336 2862
3332 3333
3334 3332
3340 3334
2864 3336
3337 2864
3340 3337
3343 3334
3346 2889
3346 2895
3344 3346
3349 3345
1604 1755
1544 2392
2392 1475
2959 2958
1573 1494
1603 1590
2635 2634
1985 1984
1454 1453
1450 1453
698 697
1453 1447
2034 2036
566 564
1439 707
361 360
360 359
1481 1480
2814 2833
1437 1436
1566 1571
1571 1568
1568 1567
2858 2884
1470 1467
1994 1993
2059 2058
2436 2434
2492 2440
1565 1564
163 162
557 553
553 556
1466 1465
367 351
368 367
352 368
2051 2050
1435 1434
1599 1563
1981 1983
1434 1433
1558 1599
2423 2418
2052 2051
2811 2809
2620 2621
2592 2590
695 694
2396 2395
1597 1596
592 656
2588 2632
1795 1794
2878 2877
2879 2878
1814 1813
654 653
2618 2619
1227 1228
1739 1738
164 167
1800 1799
540 539
1752 1751
1375 1370
1232 1230
1233 1230
1927 1926
1230 1226
542 540
2577 2579
1791 1785
529 528
1785 1784
1810 1923
1920 1810
2828 2829
1920 1922
2614 2613
1806 1805
1788 1787
2583 2578
635 638
585 584
1382 1381
1918 1917
635 633
1418 1425
642 641
632 642
2394 2393
2393 2386
2614 2616
1781 1780
1919 1917
1949 1948
1260 1259
2626 2625
1780 1774
1722 1721
2586 2584
1721 1718
1943 1947
1947 1931
1218 1206
1774 1772
1947 1946
1416 1417
1772 1773
1916 1919
193 192
1915 1916
1728 1723
2623 2624
519 518
1942 1941
2816 2815
2872 2876
190 189
1351 1350
2827 2818
1409 1408
2947 2946
2796 2794
1767 1768
1767 1764
1768 1764
1764 1765
1890 1889
1764 1763
1765 1763
644 643
1891 1889
1248 1244
1762 1761
1404 1403
1247 1248
1940 1939
1905 1903
1726 1725
2826 2825
1246 1245
2570 2569
1903 1902
1841 1903
1242 1245
2560 2559
1242 1240
1840 1902
1676 1674
2566 2568
1872 1873
1837 1842
1209 1210
1209 1208
1208 1210
1884 1879
1879 1878
443 444
443 452
441 446
444 447
392 422
422 421
456 422
456 457
457 458
410 459
459 458
458 460
429 464
462 464
459 465
414 465
465 469
469 470
468 466
468 469
468 571
464 448
448 447
451 448
451 449
451 472
457 473
473 472
473 475
473 491
475 476
449 477
477 837
475 479
479 477
476 496
481 480
479 484
480 486
482 485
485 486
486 487
488 937
487 950
491 492
476 489
492 497
492 493
493 499
481 482
496 495
485 500
495 500
500 501
499 497
499 502
501 503
503 502
504 503
506 509
509 512
507 509
505 511
509 514
511 512
513 961
335 515
516 518
353 518
519 520
515 520
520 523
523 521
515 407
407 406
407 524
415 527
525 527
523 528
530 529
529 536
531 533
533 582
534 530
531 534
530 538
537 538
538 539
541 539
352 543
543 546
374 544
374 546
519 547
543 547
528 547
546 550
548 550
374 371
547 551
552 551
550 559
537 555
553 551
536 556
556 555
555 558
557 558
541 558
551 559
559 563
557 562
562 564
562 560
563 567
567 569
527 574
527 573
573 574
524 575
574 575
575 578
572 571
572 576
578 579
580 614
581 614
524 582
533 586
534 584
538 585
584 586
585 542
586 588
588 590
590 600
578 594
594 593
593 581
595 594
582 589
595 589
589 596
589 588
596 597
597 598
596 591
595 627
596 628
588 591
591 590
600 598
571 601
602 607
579 602
601 605
493 605
605 508
499 508
508 507
508 606
607 609
603 608
608 607
613 608
614 613
613 616
616 618
621 624
617 1195
593 615
625 629
627 625
615 613
615 629
627 628
630 629
628 630
631 630
600 637
633 636
597 636
631 636
633 637
637 638
639 638
632 631
636 641
635 641
630 648
615 643
645 643
646 644
632 650
632 649
650 649
651 650
650 653
654 693
649 655
653 655
654 1431
541 566
541 658
540 592
657 656
592 590
658 656
658 660
566 660
660 661
662 663
662 661
562 568
661 665
662 664
669 667
569 672
673 672
670 668
668 671
664 663
664 674
674 675
674 673
673 677
671 677
677 678
639 680
680 690
663 681
681 680
681 685
681 686
682 686
686 689
685 689
685 703
688 690
690 691
651 691
691 692
688 687
688 697
692 693
693 694
692 694
695 1431
694 705
699 697
687 699
699 701
703 702
701 702
701 708
702 724
705 704
706 704
706 1448
706 708
703 711
709 711
712 723
679 717
679 678
715 714
712 717
714 718
711 723
721 723
721 726
721 720
708 725
722 719
717 719
719 718
727 729
260 728
264 728
728 729
197 733
730 732
734 736
728 736
736 737
746 744
283 739
297 739
305 740
747 745
741 742
741 748
311 750
310 439
439 750
749 751
751 755
750 751
751 752
750 752
752 756
756 755
747 757
737 758
757 759
760 761
755 761
761 763
762 761
765 764
763 764
763 770
767 766
766 765
738 737
732 738
738 792
758 778
762 770
772 774
772 771
776 778
778 779
780 779
782 783
771 770
771 783
783 1074
783 801
802 801
733 732
733 788
788 789
789 788
789 790
792 796
792 795
793 795
786 796
781 779
801 799
801 803
803 804
797 806
806 807
807 805
805 804
804 810
810 808
796 811
790 811
811 798
798 797
812 814
806 814
814 816
816 815
819 821
821 2680
439 438
823 825
826 825
825 845
828 830
828 829
765 830
829 863
827 825
831 833
833 864
440 834
826 834
826 835
837 843
455 839
839 842
844 930
835 845
831 845
845 846
847 846
846 848
848 852
848 849
849 851
847 852
852 880
853 855
851 855
855 882
834 850
850 849
851 882
856 898
436 902
830 858
860 858
860 863
865 868
864 867
867 874
868 869
868 891
869 878
775 871
863 874
874 876
878 876
878 913
860 875
875 872
872 871
872 877
877 1054
847 879
879 866
866 891
882 896
855 885
882 886
895 890
881 892
892 893
888 915
888 894
890 916
895 906
898 901
902 903
900 902
900 908
839 903
901 907
903 912
890 904
906 904
907 905
905 919
908 907
912 909
909 911
891 913
913 1057
893 914
918 1058
916 919
919 920
920 922
918 922
923 922
921 920
923 924
924 926
926 927
927 1063
926 928
928 929
927 929
843 931
484 931
931 933
930 932
484 934
936 934
935 936
937 934
488 939
935 941
940 942
931 942
933 944
941 947
930 945
932 945
947 966
943 965
950 951
501 951
950 952
939 935
951 954
501 953
952 956
956 954
947 956
511 958
953 958
511 959
962 1180
959 963
958 964
964 963
962 963
977 1185
956 966
954 967
966 967
967 971
965 972
970 968
972 971
971 973
972 970
972 974
973 974
970 975
975 1020
974 979
964 971
977 978
973 981
980 1024
981 1025
978 982
982 1027
984 983
983 1200
982 983
903 985
985 995
986 985
948 986
988 987
987 991
948 989
989 987
986 988
988 991
986 1001
989 1035
991 1035
909 993
985 993
993 994
995 1001
995 996
996 998
994 998
997 996
928 994
994 1000
997 1004
997 1000
1001 1002
991 1002
1002 1003
1003 1036
1004 1006
1002 1006
1006 1007
1009 1007
1010 1009
1006 1092
965 990
968 1016
1014 1018
990 989
1015 990
1014 1016
1017 1015
970 1014
1019 1018
1020 1019
1017 1022
1015 1022
1019 1022
990 1022
1020 1026
979 1026
1024 1026
1025 1024
1025 1027
1027 1028
1028 1029
1028 1032
1032 1289
1025 1042
1035 1036
1036 1039
1036 1038
1009 1114
1039 1040
1044 1046
1045 1044
1039 1046
1045 1047
1046 1047
1048 1049
768 766
1051 768
768 858
764 1051
774 873
873 871
775 1052
1057 1059
1057 1056
1056 1054
775 774
1059 1058
1058 1061
1061 925
925 923
925 1065
1065 1066
1070 1076
1070 1074
1056 1073
1073 1071
1075 2097
1076 2099
1065 1077
1077 1082
1082 1081
1081 1085
1085 1148
929 1091
1087 1091
1000 1090
1089 1090
1063 1083
1091 1083
1083 1081
1083 1101
1091 1102
1092 1008
1093 1099
1090 1098
1092 1095
1095 1096
1008 1095
1079 1101
1101 1103
1103 1107
1102 1106
1106 1107
1098 1104
1098 1110
1106 1108
1108 1140
1108 1109
1107 1109
1111 1110
1108 1110
1110 1131
1038 1115
1113 1115
1115 1116
1117 1116
1117 1119
1119 1120
1116 1120
1120 1122
1120 1125
1118 1121
1121 1129
1121 1122
1119 1123
1046 1123
1123 1125
1049 1124
1124 1127
1111 1129
1118 1111
1132 1131
1131 1135
1122 1135
1135 1133
1125 1136
1135 1136
1136 1137
1124 1137
1137 1161
1137 1138
1050 1138
1138 1139
1138 1163
1109 1145
1140 1146
1140 1144
1144 1143
1143 1155
1145 1146
1144 1146
1145 1150
1151 1150
1148 1150
1151 2115
1145 1154
1154 1152
1132 1133
1160 1162
1156 1162
1161 1160
1161 1163
1170 1169
1167 1169
1169 1171
1161 1171
1171 1174
1162 2117
1174 1172
1175 1178
1178 2130
1177 2125
514 1179
1832 1831
2823 2822
581 580
580 579
1708 1707
1877 1878
2927 2926
2339 2347
2802 2800
1836 1835
2322 2321
1340 1345
617 618
617 616
1340 1337
1205 1208
1207 1204
1337 1335
1204 1203
1203 1205
350 349
1863 1838
1342 1339
1339 1338
2542 2541
1196 1195
1864 1844
1695 1694
1213 1212
1344 1673
1212 1211
1213 1211
2782 2819
2798 2799
2798 2797
1318 1320
1822 1821
1692 1693
2369 2368
1691 1690
348 347
1826 1820
337 336
2319 2317
572 573
2320 2152
2735 2798
610 609
610 611
611 609
1296 1295
1295 1299
2735 2734
607 606
2151 2150
1293 1291
1683 1681
2140 2314
1186 1185
1185 1184
2176 2175
602 601
1289 1290
1048 1314
2724 2725
1048 1047
1167 1170
1033 1294
2310 2312
1164 1167
1030 1029
1050 1127
1032 1031
1177 1178
1164 1163
169 170
2171 2170
962 961
2126 2125
1044 1042
2723 2722
2138 2137
2149 2148
977 964
2133 2129
175 174
2730 2729
2165 2164
2749 2748
502 506
505 504
504 506
2255 2254
975 974
2263 2262
2144 2145
2253 2252
403 399
414 402
402 412
954 953
1017 1018
2245 2186
2744 2743
2774 2773
333 331
1015 1016
498 497
2240 2239
2718 2712
2712 2711
2741 2740
3010 3013
3164 3163
3317 3316
3268 3312
3267 3266
3160 3159
3258 3257
3265 3264
3138 3137
3107 3106
3135 3136
3158 3156
3037 3039
3067 3066
3271 3270
3274 3276
3345 3344
3344 3343
3345 3343
3059 3058
3277 3275
3254 3253
3095 3097
3251 3249
3033 3032
3116 3110
3244 3246
3341 3340
3297 3296
3300 3299
3288 3287
3186 3185
3227 3230
3335 3333
3336 3333
3127 3126
3182 3181
3229 3228
3227 3226
3205 3204
3225 3228
3225 3226
3338 3337
3193 3192
3197 3194
3194 3193
3282 3283
2862 2861
2968 2967
3085 3084
3291 3290
3101 3089
2896 2895
3223 3221
2485 3174
2991 2990
3023 3026
2647 2646
2470 2469
1641 1642
1535 1533
668 667
2650 2649
2857 2856
2514 2513
671 670
672 670
2482 2481
1655 1663
2090 2089
1637 1638
2669 2668
1639 1640
2954 2956
714 679
2022 2020
1656 1662
1655 1654
1636 1645
720 722
2084 2083
1522 1521
1512 1511
1627 1626
1629 1628
1628 1626
1517 1516
2454 2453
373 372
1518 1519
2478 2450
2890 2891
2941 2943
2455 2456
2080 2079
2452 2451
2659 2666
2942 2940
2081 2079
2939 2942
1509 1508
2433 2455
2016 2015
568 567
1594 1593
725 726
725 724
726 724
665 568
371 370
2933 2932
1578 1515
2071 2070
2070 2069
1607 1606
560 563
1615 1624
1979 1978
2002 1979
2443 2442
23 22
2441 2445
2426 2425
2065 2064
2064 2063
2848 2847
2006 2003
1497 1496
1617 1616
1608 1606
2642 2594
2008 2007
1971 1970
18 17
19 18
19 16
18 16
15 19
15 14
16 14
17 14
1622 1620
1972 1970
2000 1999
1575 1574
166 165
1589 1586
2594 2638
2840 2838
687 689
2846 2840
497 496
489 491
1132 1141
1143 1132
1094 1093
952 939
2222 2221
495 481
2117 1157
1157 1156
1155 1160
2282 2284
2114 1157
2282 2281
2283 2281
1152 1155
1093 1013
1013 1011
2277 2276
488 487
1013 1008
1008 1007
1153 1156
2219 2218
1153 1152
2715 2714
2114 1159
1159 1153
2717 2716
402 400
2121 2117
2231 2234
2115 1159
941 940
935 934
480 479
154 153
400 388
1097 1096
388 398
943 942
1098 1096
943 944
942 944
2737 2736
2230 2229
2121 2120
2271 2272
940 936
2229 2228
2710 2709
1106 1104
396 395
1103 1102
1151 1154
327 332
2107 2112
933 932
2766 2765
410 408
2763 2764
148 147
2198 2197
2694 2693
844 843
844 841
912 908
841 842
900 899
387 386
385 396
899 898
901 899
921 911
909 905
924 921
2201 2199
907 906
325 324
905 904
856 850
2203 2202
895 896
2209 2208
2759 2756
890 889
320 321
888 887
455 446
454 453
916 915
453 452
455 454
915 894
853 852
894 893
1084 1082
881 880
918 914
914 913
892 891
390 389
2206 2205
183 182
877 876
875 874
2103 2102
328 326
383 384
436 426
829 827
1070 1068
1076 1075
820 2196
1075 802
1051 873
828 756
859 858
802 1074
145 143
313 312
312 225
146 145
187 186
292 291
225 224
308 307
755 753
749 748
760 759
780 782
306 305
741 740
740 739
275 274
758 757
266 269
745 744
745 744
63 52
797 781
781 795
283 282
221 220
122 123
55 53
50 56
65 64
48 47
125 124
118 117
215 214
34 33
208 238
37 36
38 39
202 201
80 86
86 84
90 91
206 205
203 205
96 94
75 74
260 259
262 260
259 262
248 259
248 247
260 261
262 261
249 248
249 247
261 257
257 255
254 249
255 254
258 257
256 254
258 252
252 251
251 256
784 733
7 6
10 9
13 12
27 26
40 39
42 41
45 44
54 53
67 52
69 68
76 75
79 78
85 84
89 88
95 94
102 101
109 108
112 111
115 114
119 118
132 131
136 135
138 137
144 143
150 149
155 154
158 157
179 178
181 180
185 184
194 193
199 198
204 203
213 212
217 216
223 219
227 226
231 215
237 236
245 244
246 243
263 250
268 267
270 269
276 275
281 280
287 286
296 295
299 298
304 303
309 306
322 321
330 329
342 341
346 345
362 361
378 377
381 380
393 392
397 396
401 400
405 404
409 408
413 412
416 302
393 419
425 424
429 428
428 430
435 434
442 441
450 449
461 460
463 462
467 466
471 470
472 474
478 477
483 482
490 489
494 493
510 505
517 516
522 521
526 525
532 531
536 535
535 537
545 544
549 548
554 552
561 560
565 564
570 569
577 576
583 582
587 542
599 598
604 603
612 608
623 622
626 625
634 633
640 639
647 645
652 651
659 657
666 665
676 675
683 682
684 681
696 695
700 698
710 709
713 712
716 715
713 722
731 730
735 734
743 742
754 753
735 747
769 762
773 772
777 776
787 786
794 793
800 799
809 808
813 812
822 821
824 823
832 831
836 835
838 837
854 853
857 856
861 859
862 860
870 869
867 870
767 861
897 896
911 910
910 908
917 916
938 937
946 945
949 948
953 955
955 954
957 956
959 960
960 961
969 968
976 975
992 991
999 998
1005 1004
1012 1011
1021 1020
1023 1022
1034 1033
1038 1037
1041 1040
1043 1042
1053 1052
1055 1054
1060 1059
1062 1061
1064 1063
1067 1066
1069 1068
1072 1071
1078 1077
1080 1079
1086 1085
1088 1087
1089 1088
1100 1099
1105 1104
1037 1117
1126 1125
1128 1127
1130 1129
1134 1133
1142 1141
1147 1146
1158 1153
1166 1165
1168 1164
1183 1182
1188 1183
619 646
1197 984
1199 1198
1214 1212
1220 1219
1241 1240
1255 1254
1266 1265
1273 1272
1288 1030
1292 1291
1303 1302
1311 1296
1319 1318
1322 1321
1349 1348
1355 1354
1357 1356
1363 1362
1376 1375
1384 1383
1389 1388
1396 1395
1402 1401
1415 1414
1428 1427
1441 1435
1449 1448
1452 1447
1469 1467
1477 1474
1492 1491
1499 1461
1520 1519
1525 1524
1570 1568
1577 1515
1601 1600
1604 1603
1609 1607
1619 1614
1653 1652
1666 1665
1675 1674
1679 1678
1682 1681
1699 1698
1706 1705
1711 1710
1714 1713
1720 1719
1730 1729
1732 1730
1737 1429
1747 1739
1750 1749
1745 1750
1754 1726
1766 1765
1776 1775
1783 1746
1798 1797
1812 1811
1817 1816
1825 1174
1828 1827
1829 1823
1839 1832
1847 1846
1852 1851
1865 1861
1869 1868
1871 1870
1899 1897
1891 1904
1904 1893
1921 1807
1929 1918
1934 1933
1937 1912
1953 1952
1955 1949
1959 1950
1962 1961
1963 1962
1966 1965
1974 1973
1982 1796
1987 1986
2006 2011
2011 2012
2015 2018
2021 2020
2018 2024
2030 2029
2029 2031
2035 2034
2039 2038
2049 2048
2060 2061
2066 2065
2072 2066
2078 2077
2082 2081
2095 2094
2098 2097
2104 2103
2113 2112
2119 2118
2122 2117
2124 2123
2136 2135
2143 2139
2154 2153
2160 2159
2168 2166
2169 2167
2177 2176
2179 2178
2189 2188
2193 2192
2200 2199
2204 2203
2210 2209
2214 2213
2224 2223
2233 2230
2235 2231
2243 2242
2246 2245
2251 2250
2260 2259
2265 2264
2270 2269
2278 2277
2289 2283
2292 2291
2299 2285
2301 2300
2304 2303
2308 2307
2311 2310
2316 2315
2318 2317
2326 2325
2334 2333
2343 2342
2345 2343
2356 2355
2367 2366
2371 2370
2375 2374
2381 2380
2388 2387
2399 2398
2405 2403
2410 2409
2413 2412
2061 2419
1965 2360
2431 2430
2435 2434
2439 2438
2446 2445
2449 2448
2466 2465
2476 2475
2488 2484
2493 2401
2496 2497
2504 2503
2508 2507
2511 2510
2524 2520
2528 2527
2545 2544
2555 2554
2562 2560
2567 2566
2576 2575
2585 2584
2589 2588
2591 2590
2598 2597
2268 2599
2599 2596
2605 2604
2608 2607
2612 2611
2617 2616
2611 2627
2629 2626
2637 2635
2641 2639
2644 2643
2651 2650
2653 2652
2662 2661
2664 2663
2667 2666
2671 2669
2677 2676
2690 2689
2696 2695
2700 2699
2704 2703
2708 2707
2719 2718
2732 2731
2742 2739
2745 2744
2758 2757
2761 2760
2768 2767
2775 2774
2781 2780
2784 2783
2786 2785
2793 2792
2795 2794
2801 2798
2806 2805
2810 2809
2821 2820
2830 2829
2836 2835
2839 2838
2843 2842
2850 2849
2860 2859
2866 2865
2868 2824
2874 2873
2881 2880
2886 2885
2893 2892
2899 2898
2901 2900
2908 2907
2920 2919
2929 2927
2937 2936
2945 2944
2950 2949
2952 2951
2960 2959
2969 2968
2977 2976
2981 2980
2989 2988
2993 2992
3005 3003
3009 3008
3020 3019
3022 669
3027 3026
3031 3030
3036 2997
3041 3040
3043 3042
3035 3034
3049 3048
3054 3053
3063 3062
3065 3064
3076 3075
3082 3081
3087 3086
3091 3090
3096 3095
3104 3103
3115 3114
3118 3117
3120 3119
3130 3129
3132 3131
3143 3142
3153 3152
3157 3156
3162 3161
3166 3164
3168 3167
3171 3170
3173 3172
3175 2485
3179 3178
3184 3183
3196 3194
3202 3186
3203 3202
3217 3216
3222 3221
3232 3229
3240 3239
3238 3240
3245 3244
3248 3247
3250 3249
3261 3255
3273 3272
3280 2534
3285 3284
3293 3292
3298 3297
3302 3288
3305 3304
3310 3309
3315 3268
3322 3321
3339 3338
3339 3335
3342 3341
3348 3347
2984 2983
2964 2963
3134 3133
3149 3148
2505 2507
1250 1254
619 618
3231 3241
3216 3231
3213 3216
2974 2973
2972 2971
2972 2974
2985 2984
2681 2679
197 729
2 3
2 1
2 4
2982 2972
3015 3014
3327 3326
3320 3326
3320 3319
3320 3329
3320 3328
3325 3323
3324 3323
3350 3349
3324 3349
3352 3351
2961 3351
2961 2955
2961 2957
2915 2965
2915 2947
2915 2951
2914 2951
2914 2916
2914 2913
2915 2916
2915 2913
2685 2683
2685 2684
2681 2685
196 791
196 785
196 197
196 727
196 195
151 152
146 152
152 153
153 156
156 172
11 9
159 160
20 157
157 165
9 159
20 160
161 160
160 162
168 167
11 172
159 172
172 173
173 169
173 174
163 176
177 176
176 178
156 182
183 184
187 224
175 188
170 171
180 188
171 190
190 191
188 191
171 164
190 192
195 727
105 104
110 108
110 200
106 198
198 105
200 202
200 198
198 205
202 206
195 105
201 230
206 207
107 209
201 209
209 210
113 211
211 210
212 229
209 214
214 229
210 216
211 220
137 218
218 220
216 222
215 222
224 226
219 218
212 228
228 229
230 238
228 230
215 232
233 232
232 234
222 235
221 235
234 235
233 236
234 239
233 238
208 241
208 207
236 240
240 239
240 241
221 242
239 244
242 244
243 242
242 271
253 727
253 251
250 247
256 252
255 258
253 264
241 265
265 273
207 267
266 271
271 272
266 265
273 274
273 285
272 274
272 277
280 289
264 282
279 278
279 282
273 278
277 284
285 300
285 290
286 290
288 290
278 288
277 291
292 417
295 300
289 288
279 289
283 297
297 298
300 307
302 301
301 303
300 305
308 311
303 310
311 310
184 313
226 316
313 315
315 317
315 314
314 318
314 323
317 319
323 320
320 319
319 324
318 329
323 332
327 395
331 329
333 334
334 399
191 336
192 336
318 338
336 338
338 343
338 339
355 2986
341 343
343 344
329 344
344 340
340 339
340 347
350 353
348 335
335 353
335 334
339 354
355 354
354 356
345 357
356 357
357 358
356 359
358 360
359 363
363 355
358 365
365 364
364 363
351 349
365 351
369 367
369 370
369 372
317 326
325 385
377 379
328 379
379 389
380 382
382 384
385 386
387 391
382 389
390 391
391 419
395 398
388 386
399 398
404 406
403 406
387 394
410 411
394 411
411 456
394 392
414 415
403 415
302 431
417 426
417 431
390 418
418 423
419 420
420 423
421 420
421 429
418 444
427 443
423 430
430 447
431 432
301 433
433 437
310 433
432 437
432 434
426 424
434 440
436 440
437 438
438 823
438 440
1179 1181
1179 1180
1181 1182
1184 1186
1184 1188
1188 1190
1182 1189
1189 1191
1187 1186
624 1191
1191 1193
1190 1192
1192 1193
1193 1196
1187 1194
978 984
984 1198
1198 1202
1213 1216
1202 1203
1202 1211
1204 1212
1209 1207
1207 1215
1215 1304
644 1217
648 1217
1217 1218
1195 1206
648 1228
655 1229
1224 1262
1227 1225
1228 1229
1229 1442
1232 1236
1236 1442
1210 1239
1237 1239
1244 1249
1257 1256
1256 1255
1256 1260
1233 1275
1235 1274
1275 1274
1276 1274
1274 1284
1275 1285
1283 1284
1285 1371
1285 1284
1284 1373
1290 1291
1201 1200
1289 1293
1291 1299
1293 1295
1293 1294
1290 1298
1291 1297
1294 1310
1295 1310
1298 1297
1297 1299
1030 1300
1298 1316
1300 1301
1216 1215
1216 1201
1201 1306
1216 1302
1300 1306
1306 1321
1201 1307
1307 1308
1308 1309
1045 1310
1296 1312
1310 1313
1312 1313
1314 1313
1297 1315
1316 1315
1312 1315
1313 1317
1048 1668
1314 1317
1317 1669
1313 1320
1321 1324
1307 1323
1321 1323
1323 1325
1329 1346
1332 1331
1332 1395
1335 1338
1320 1339
1345 1346
1346 1347
1347 1407
1346 1348
1249 1350
1255 1350
1256 1351
1260 1354
1352 1350
1352 1353
1356 1352
1353 1359
1251 1358
1356 1358
1359 1394
1353 1351
1354 1360
1360 1365
1361 1362
1365 1364
1364 1362
1369 1378
1377 1375
1373 1377
1360 1378
1367 1380
1380 1385
1385 1419
1358 1392
1332 1391
1394 1393
1392 1395
1347 1395
1394 1398
1362 1398
1398 1399
1399 1400
1398 1414
1400 1414
1399 1401
1401 1418
1406 1410
1408 1413
1413 1412
1413 1716
1408 1414
1413 1416
1400 1417
1418 1417
1416 1719
1401 1382
1419 1420
1382 1426
1383 1421
1420 1422
1426 1425
1719 1735
1424 1427
1602 1597
695 1433
1431 1432
1433 1432
1229 1432
1434 1432
705 1436
1433 705
1434 1436
1437 1439
1432 1440
1440 1435
1440 1443
1442 1443
1443 1463
1438 1437
1438 1435
1439 1447
1439 1444
1438 1444
1444 1445
1443 1445
1445 1464
1445 1446
1447 1446
1446 1455
707 704
707 1450
1451 1450
1454 1456
1451 1456
1454 1455
1455 1457
1456 1457
1458 1457
1459 1451
1460 1459
1456 1458
1458 1489
1442 1277
1464 1463
1463 1465
1277 1276
1277 1473
1463 1277
1464 1468
1464 1471
1446 1468
1468 1472
1468 1483
1467 1465
1473 1475
1473 1282
1465 1473
1476 1466
1455 1482
1479 1484
1487 1490
1486 1488
1488 1491
1485 1489
1489 1490
1480 1493
1491 1493
1488 1495
1493 1498
1490 1496
1505 1576
1461 1459
720 1500
1501 1510
1503 1505
1507 1509
1506 1514
1503 1511
1504 1508
1508 1516
1510 1511
1510 1513
1514 1509
1515 1514
1518 1628
1509 1582
1512 1516
1518 1517
1517 1521
1519 1522
1522 1630
1522 1626
1523 1521
1513 1526
1527 1529
1529 1532
1531 1530
1530 1532
1512 1523
1523 1638
1513 1538
1538 1537
1535 1537
1377 1541
1478 1547
1541 1387
1561 1598
1560 1564
1564 1571
1566 1565
1481 1494
1494 1493
1497 1573
1576 1515
1515 1580
1576 1574
1576 1579
1575 1569
1572 1566
1579 1591
1591 1593
1565 1598
1597 1600
1598 1605
1590 1589
1589 1611
1614 1618
1618 1590
1606 1624
1582 1592
1629 1631
1635 1648
1592 1634
1634 1635
1634 1650
1594 1635
1632 1636
1634 1636
1636 1652
1633 1639
1638 1640
1538 1647
1641 1647
1643 1642
1639 1645
1646 1645
1640 1646
1646 1663
1646 1647
1593 1607
1648 1649
1650 1649
1651 1650
1651 1654
1652 1651
1652 1656
1656 1654
1625 1657
1659 1658
1658 1973
1661 2017
1661 2013
1655 2017
1645 1662
1662 1663
1641 1664
1647 1664
1665 1668
1050 1049
1668 1667
1667 1665
1665 1669
1318 1669
1669 1343
1343 1673
1667 1670
1670 1671
1670 1680
1671 1684
1673 1672
1672 1671
1343 1339
1344 1677
1677 1678
1677 1697
1139 1680
1681 1680
1684 1683
1683 1685
1139 1685
1686 1688
1685 1688
1672 1686
1684 1686
1688 1687
1688 1689
1689 1695
1689 1690
1689 1693
1690 1816
1694 1696
1696 1697
1697 1703
1700 1698
1703 1708
1698 1760
1705 1707
1708 1709
1411 1676
1713 1715
1676 1724
1713 1724
1716 1715
1717 1715
1715 1727
1719 1716
1718 1717
1719 1718
1724 1725
1727 1734
1723 1731
1722 1742
1429 1736
1742 1784
1739 1748
1743 1753
1748 1968
1748 1753
1753 1751
1726 1756
1756 1758
1734 1758
1758 1773
1759 1775
1760 1762
1710 1760
1756 1761
1762 1763
1761 1765
1769 1768
1775 1782
1774 1778
1781 1901
1752 1786
1786 1785
1793 1801
1748 1794
1782 1803
1800 1804
1806 1922
1795 1991
1816 1818
1818 1170
1818 1824
1818 1819
1691 1819
1819 1822
1169 1824
1824 1174
1826 1176
1822 1827
1820 1819
1827 1843
1831 1834
1709 1831
1833 1712
1833 1831
1833 1840
1830 1834
1823 1834
1834 1838
1838 1836
1832 1842
1837 1835
1840 1842
1837 1870
1841 1870
1174 1176
1176 1173
1826 1846
1820 1845
1843 1845
1845 1864
1820 1851
1846 1849
1846 1848
1848 2130
1848 1856
1856 1850
1855 1853
1857 2315
1854 1858
1858 1860
1859 1858
1860 1875
1838 1844
1864 1855
1864 1866
1868 1867
1868 1872
1870 1883
1870 1873
1872 1878
1866 1875
1861 1860
1874 1876
1876 2321
1876 1875
1883 1881
1879 1885
1886 1951
1767 1712
1889 1767
1770 1890
1891 1902
1778 1892
1905 1909
1919 1946
1931 1930
1923 1926
1920 1917
1927 1932
1925 1918
1918 1930
1932 1930
1933 1932
1935 1933
1935 1936
1936 2052
1936 1961
1909 1883
1883 1939
1938 1941
1942 1944
1945 1944
1941 1946
1943 1942
1944 1954
1943 1948
1931 1950
1950 1948
1951 1945
1945 1952
1952 1958
1949 1954
1954 1957
1954 1952
1948 1956
1956 1957
1957 1958
1958 2350
1957 2351
1930 1960
1960 1950
1961 1960
1960 1963
1963 2052
1956 1950
1599 1967
1967 1969
1967 1968
1605 1967
1969 1980
1622 1603
1603 1970
1617 1975
1660 1658
1973 1660
1975 1660
1975 1971
1973 2014
2014 2016
1971 1977
1977 1976
1978 2016
1981 1980
1969 1983
1981 1986
1983 1755
1755 1986
1986 1995
1988 1999
1989 1996
1980 1990
1992 1990
1990 2028
1996 2005
2001 2000
2000 2005
2000 2007
2003 2002
2002 2004
2005 2008
2003 2007
1995 2009
2008 2009
2008 2037
2004 2012
2012 2037
2004 2040
2014 2013
2013 2019
2017 2022
2019 2020
2022 2023
1664 2023
1979 2024
2024 2025
2019 2025
2025 2026
2023 2026
1935 2028
2028 2032
2010 2033
2032 2050
2032 2053
2032 2033
2033 2036
2034 2053
2010 2009
2009 2038
2038 2041
2037 2040
2040 2041
2040 2042
2036 2062
2041 2062
2041 2044
2043 2042
2046 2068
2045 2047
2047 2067
2048 2050
2048 2051
2052 2055
2053 2054
2054 2060
1966 2056
2056 2058
2056 2057
2057 2412
2058 2412
2060 2059
2054 2073
2062 2063
2063 2067
2047 2069
2067 2069
2068 2070
2064 2073
2073 2426
2073 2419
2071 2072
2071 2074
2072 2425
2074 2075
2072 2075
2075 2452
2074 2087
2042 2076
2068 2076
2076 2077
2077 2083
2027 2026
2068 2079
2080 2084
2080 2086
2084 2085
2086 2085
2085 2089
2081 2087
2086 2088
2087 2451
2087 2088
2088 2453
2090 2094
2090 2458
2083 2091
2091 2092
2091 2027
2089 2092
2027 2093
2092 2096
2094 2096
803 2099
2099 2100
1073 2100
2100 2101
2100 1084
1084 1149
1149 1148
1149 2106
810 2102
2101 2102
2101 2105
2106 2105
2109 2108
2109 2159
2105 2108
2110 2108
2108 2111
2116 2107
2116 2120
2116 2115
2114 2120
2107 2106
2109 2118
2118 2120
2121 2163
2123 2126
2126 2128
2117 2129
2129 2128
2126 2132
2128 2135
2127 2125
2127 2131
2130 2127
2131 2132
2132 2135
2131 2140
2133 2137
2135 2137
2134 2133
2132 2142
2135 2141
2140 2142
2141 2142
2142 2150
2134 2139
2134 2144
2146 2145
2139 2137
2138 2147
2139 2149
2147 2148
2147 2156
2148 2155
2141 2138
2150 2153
2146 2149
2149 2155
2156 2155
2157 2156
2155 2167
2146 2167
2156 2170
2153 2157
2157 2158
2162 2178
2111 2159
2162 2161
2144 2163
2162 2163
2145 2164
2163 2182
2166 2181
2166 2164
2167 2170
2158 2171
2167 2165
2165 2172
2171 2172
2173 2172
2172 2174
2174 2184
2174 2176
2175 2190
2180 2178
2183 2187
2186 2185
2187 2185
2185 2247
2188 2187
2174 2190
2190 2191
2191 2192
2190 2194
2188 2194
2194 2256
2194 2192
810 818
2105 818
818 817
818 2195
2195 2207
2111 2198
2110 2197
2197 2201
2195 2110
2202 2207
2202 2201
820 819
2196 2195
2207 2208
2208 2212
2212 2211
2205 2211
2211 2213
2111 2215
2198 2215
2161 2215
2161 2216
2216 2217
2217 2218
2219 2225
2217 2221
2219 2221
2222 2223
2223 2225
2227 2226
2227 2228
2226 2232
2228 2226
2220 2234
2220 2218
2227 2220
2219 2234
2228 2234
2225 2231
2225 2236
2237 2236
2236 2241
2231 2229
2231 2238
2236 2238
2241 2239
2238 2240
2239 2242
2240 2244
2216 2245
2247 2248
2247 2249
2186 2248
2248 2237
2248 2250
2250 2249
2249 2254
2222 2237
2237 2252
2250 2253
2253 2261
2250 2255
2255 2261
2256 2254
2258 2257
2252 2259
2259 2241
2261 2262
2241 2263
2263 2295
2262 2264
2257 2266
2266 2267
2232 2229
2271 2269
2273 2271
2230 2274
2238 2274
2232 2275
2275 2274
2274 2276
2240 2276
2244 2286
2272 2275
2275 2279
2279 2281
2277 2282
2272 2280
2284 2286
2212 2273
2288 2273
2273 2290
2280 2279
2280 2283
2290 2283
2293 2291
2244 2295
2287 2286
2295 2287
2287 2296
2287 2285
2266 2297
2296 2297
2297 2298
2298 2307
2285 2284
2293 2285
2296 2302
2302 2305
2303 2305
2300 2302
2307 2312
2306 2305
2306 2309
2298 2309
2309 2312
2310 2725
2313 1856
2313 2314
1848 2313
2130 2314
2313 2319
1856 2317
2315 1859
2140 2152
1859 2317
2152 2150
2319 2320
1862 1860
2319 1862
1862 2325
1875 2323
2321 2323
2322 2327
2323 2327
1887 2329
2322 2324
2324 2330
2325 2327
2327 2328
2328 2331
2330 2329
2320 2151
2158 2151
2151 2333
2336 2335
2335 2338
2337 2338
2341 2340
2329 2344
2344 2346
2340 2337
2337 2335
2339 2338
2345 2347
2346 2348
2347 2348
1951 2349
1958 2349
2349 2352
2351 2354
2351 2350
2350 2352
2351 2355
2329 2353
2352 2353
1956 2354
2354 1964
1964 1963
1963 2360
1964 2357
2357 2358
2357 2361
2353 2362
2346 2389
2359 2361
2362 2363
2361 2364
2364 2363
2333 2336
2175 2336
2366 2368
2191 2366
2338 2368
2369 2370
2339 2373
2373 2372
2373 2374
2348 2376
2376 2374
2372 2370
2376 2385
2191 2377
2377 2378
2192 2379
2378 2379
2369 2377
2378 2380
2380 2541
2372 2383
2377 2382
2383 2382
2383 2384
2384 2385
2384 2543
2382 2542
2404 2544
2387 2389
2389 2386
2364 2395
2396 2397
2396 2398
2397 2401
2397 2400
2398 2400
2400 2407
2386 2385
2385 2402
2402 2404
2403 2402
2398 2406
2407 2411
2409 2411
2059 2414
2412 2414
2057 2422
2412 2418
2414 2415
2059 2420
2419 2420
2420 2427
2418 2417
2418 2434
2424 2436
2421 2432
2426 2428
2416 2427
2428 2427
2427 2430
2428 2429
2429 2430
2432 2430
2425 2433
2365 2436
2432 2436
2432 2437
2365 2437
2365 2364
2440 2438
2429 2441
2441 2442
2437 2443
2443 2447
2433 2442
2438 2447
2447 2448
2450 2448
2452 2456
2451 2453
2454 2456
2453 2457
2454 2460
2088 2459
2458 2459
2457 2459
2458 2463
2455 2460
2460 2461
2461 2472
2457 2465
2459 2462
2462 2464
2465 2467
2461 2467
2467 2468
2462 2468
2096 2463
2463 2462
2027 2464
2464 2486
2470 2483
2433 2472
2472 2473
2479 2450
2468 2473
2473 2444
2464 2444
2444 2443
2444 2474
2475 2477
2470 2486
2484 2483
2486 2487
2484 2487
2487 2490
2475 2482
2486 2489
2482 2513
2489 2490
2395 2440
2492 2401
2401 2400
2401 2494
2492 2494
2494 2499
2494 2498
2447 2495
2495 2496
2496 2502
2478 2495
2498 2408
2408 2407
2498 2500
2499 2498
2408 2501
2500 2501
2501 2503
2499 2502
2502 2505
2411 2503
2500 2505
2478 2526
2502 2509
2480 2517
2489 2513
2515 2514
2512 2510
2526 2527
2509 2526
2512 2530
2530 2531
2530 2643
2531 2645
2531 2532
2379 2535
2256 2535
2535 2536
2535 2258
2536 2538
2536 2537
2258 2538
2537 2539
2539 2540
2538 2540
2537 2541
2543 2542
2543 2547
2544 2546
2550 2549
2546 2547
2547 2548
2539 2548
2549 2551
2548 2549
2552 2551
2552 2559
2553 2552
2553 2561
2561 2559
2540 2554
2554 2556
2257 2556
2267 2595
2268 2267
2556 2557
2560 2564
2551 2563
2557 2563
2564 2563
2565 2564
2558 2557
2268 2558
2558 2602
2563 2569
2569 2568
2570 2568
2404 2572
2546 2572
2572 2573
2553 2573
2573 2574
2403 2575
2574 2581
2575 2574
2575 2582
2578 2577
2409 2580
2579 2580
2561 2565
2581 2565
2582 2581
2582 2584
2581 2587
2578 2582
2587 2571
2587 2586
2580 2588
2588 2592
2592 2619
2593 2590
2596 2595
2595 2597
2297 2600
2597 2601
2600 2601
2566 2602
2596 2602
2570 2603
2603 2604
2602 2604
2600 2606
2606 2607
2312 2606
2609 2607
2601 2610
2610 2609
2609 2627
2609 2612
2587 2615
2586 2613
2615 2616
2615 2624
2613 2618
2614 2631
2620 2631
2603 2624
2610 2623
2623 2628
2623 2625
2627 2628
2628 2803
2630 2626
2625 2631
2631 2630
2506 2580
2411 2506
2506 2505
2506 2632
2632 2633
2634 2633
2509 2636
2636 2529
2636 2634
2529 2640
2529 2527
2635 2640
2633 2638
2594 2593
2640 2639
2639 2638
2645 2646
2648 2646
2643 2648
2648 2649
2654 2652
2652 2655
2648 2655
2654 2656
2655 2656
2649 3291
2593 2622
2622 2621
2622 2657
2657 2642
2642 2658
2654 2658
2658 2659
2659 2660
2657 2661
2622 2661
2660 2663
2656 2665
2666 2665
2665 2668
2660 2670
2668 2670
791 790
790 2675
2675 2676
2675 2681
798 2679
816 2678
819 2678
2679 2678
2698 2697
2683 2682
2682 2684
2213 2687
2288 2686
2688 2692
2692 2691
2695 2697
2691 2699
2699 2702
2694 2701
2701 2702
2701 2703
2288 2689
2290 2294
2294 2291
2293 2706
2294 2706
2706 2713
2294 2707
2707 2711
2713 2711
2712 2740
2720 2718
2300 2721
2713 2721
2721 2728
2721 2722
2723 2727
2306 2722
2723 2724
2725 2726
2727 2728
2728 2720
2720 2729
2727 2729
2730 2733
2727 2731
2724 2734
2731 2733
2731 2734
2733 2735
2710 2705
2705 2736
2737 2738
2739 2738
2744 2751
2705 2703
2747 2746
2738 2746
2730 2748
2741 2750
2750 2751
2750 2752
2749 2752
2751 2747
2747 2753
2752 2753
2697 2754
2691 2754
2755 2754
2755 2757
2682 2754
2756 2755
2702 2756
2683 2759
2759 2765
2760 2762
2763 2762
2766 2770
2767 2770
2746 2769
2769 2773
2770 2771
2764 2772
2772 2783
2772 2771
2771 2773
2753 2777
2777 2779
2777 2776
2769 2779
2776 2780
2782 2778
2778 2776
2785 2787
2787 2897
2779 2790
2790 2788
2788 2787
2790 2789
2789 2792
2606 2726
2794 2804
2726 2797
2794 2797
2797 2799
2800 2799
2800 2796
2796 2815
2612 2803
2803 2804
2804 2815
2807 2805
2807 2813
2630 2808
2807 2808
2808 2812
2811 2812
2813 2816
2816 2818
2813 2812
2812 2817
2817 2831
2802 2819
2818 2802
2820 2822
2824 2823
2828 2827
2827 2832
2831 2828
2817 2845
2820 2832
2832 2876
2831 2877
2851 2877
2814 2811
2835 2837
2834 2833
2837 2834
2834 2838
2670 2673
2673 2841
2837 2841
2673 2672
2672 2842
2842 3330
2841 2844
2846 2845
2838 2847
2845 2849
2848 2849
2849 2851
2851 2884
2844 2859
2844 2856
2857 2863
2864 2863
2865 2887
2863 2867
2867 2887
2824 2869
2824 2870
2778 2869
2869 2870
2826 2791
2870 2791
2791 2871
2791 2789
2873 2875
2871 2875
2872 2871
2879 2883
2871 2882
2880 2882
2882 2883
2858 2885
2888 2891
2867 2889
2888 2887
2894 2892
2889 2895
2894 2934
2888 2894
2896 2934
2683 2762
2897 2898
2788 2903
2900 2902
2902 2903
2897 2904
2904 2905
2906 2907
2906 2905
2903 2909
2906 2909
2909 2910
2910 2911
2911 2930
2911 2912
2904 2918
2905 2921
2910 2921
2921 2922
2912 2919
2922 2923
2912 2923
2923 2924
2918 2917
2918 2951
2922 2951
2875 2925
2902 2925
2925 2928
2928 2926
2926 2930
2930 2931
2883 2932
2896 3351
2933 2935
2936 2938
2938 2939
2935 2940
2939 2943
2934 2935
2931 2944
2924 2931
2928 2946
2924 2947
2948 2946
2948 2949
2938 2948
2941 2956
2947 2953
2954 2953
2953 2958
2958 2963
2963 2962
2966 2965
23 2967
2967 2971
166 2970
2971 2973
2970 2973
171 2975
2970 2975
355 2975
2976 2975
2973 2978
2974 2978
2978 2979
2976 2979
2979 2980
2986 2987
2987 2988
366 364
2987 366
366 2990
2986 2995
2979 2998
2980 2999
2999 3000
2999 2998
2998 3001
3001 2994
2994 2992
3001 3002
3003 3002
2994 2996
2996 2995
2996 3006
3006 3007
3007 3008
3004 3011
3004 3002
3006 3004
3000 3012
3012 3013
3013 3014
3014 3016
3010 3004
3010 3016
2991 3018
373 3018
3019 3021
3018 3021
3023 669
3023 3024
3025 3024
3021 3028
3030 3028
3029 3033
3028 3025
3029 3025
3029 3034
2997 2995
2997 3039
3032 3037
3038 3037
3039 3040
667 3024
667 3042
3044 3042
678 3047
3047 3048
3048 3044
718 3050
3048 3051
3047 3051
3046 3045
3045 3052
3052 3064
3046 3053
3046 3055
3055 3092
3056 3092
3053 3056
3052 3057
3038 3058
3045 3059
3038 3060
3060 3062
3061 3060
3007 3011
3011 3069
3017 3016
3068 3017
2983 3071
3000 3071
3071 3072
3072 3073
3012 3071
3073 3074
3075 3074
3075 3074
3072 2985
3014 3073
3050 1531
1531 3077
3050 3084
3051 3078
3044 3079
3079 3078
3079 3080
3080 3088
3077 3081
1533 3081
3078 3084
3077 3083
3083 3085
3085 3086
3086 3099
3088 3090
3055 3080
3092 3093
3056 3057
3057 3097
3080 3093
3093 3095
3098 3097
1644 1643
3099 1644
1644 3100
3099 3089
3100 3101
3089 3102
3101 3102
1643 3103
3100 3103
3089 3088
3102 3094
3105 3094
3094 3113
3094 3093
3066 3098
3067 3061
3068 3061
3098 3108
3108 3131
3106 3068
3068 3111
1664 3112
3103 3112
3105 3112
3112 3114
3105 3113
3113 3109
3109 3108
3109 3110
3117 3116
3110 3108
2093 3121
3121 3123
3122 3124
2469 3124
3123 3125
2093 3128
3128 3147
3116 3133
3133 3135
3136 3139
3138 3139
3111 3144
3142 3140
3140 3139
3144 3145
3140 3141
3141 3139
3145 3141
3119 3147
3147 3155
3128 3151
3148 3155
3150 3148
3152 3211
3152 3151
3151 3154
3154 3213
3155 3159
3154 3158
3070 3017
3070 3161
3070 3111
3144 3163
3165 3163
3146 3145
3167 3146
3145 3169
3169 3170
3169 3318
3172 3318
3124 2471
2471 3125
2471 3174
2471 2469
3174 3177
3125 3176
3126 3176
3176 3177
3178 3180
2485 2483
3177 3187
3180 3187
3178 3127
3127 3181
3200 3186
3126 3183
3181 3185
3183 3185
3187 3188
3188 3190
2483 2491
3189 2491
3188 3191
3180 3182
3191 3199
3190 3192
3191 3192
3192 3195
3195 3197
3195 3204
2491 2490
2521 3218
3190 3218
3197 3204
3193 3219
3182 3200
3199 3182
3200 3203
3199 3201
3195 3199
3201 3206
3186 3208
3201 3205
3203 3207
3206 3207
3126 3209
3183 3209
3210 3209
3129 3210
3185 3214
3183 3212
3212 3215
3210 3212
3211 3210
3211 3213
3214 3208
3208 3207
3215 3216
3215 3214
3255 3253
3218 3219
2525 3220
3218 3220
3219 3221
3219 3198
3198 3197
3198 3226
3198 3224
3225 3224
3220 3221
3223 3224
3223 3234
3205 3226
3227 3228
3206 3230
3206 3231
3230 3231
3220 3233
3234 3239
3233 3239
2532 3235
3233 3235
3235 3237
3236 3235
3236 3238
3239 3242
3239 3236
3238 3282
3236 3243
3234 3241
3241 3242
3242 3243
3243 3283
3241 3252
3231 3246
3216 3244
3246 3247
3246 3254
3252 3256
3254 3251
3256 3251
3158 3257
3255 3270
3258 3264
3313 3312
3265 3276
3272 3306
3253 3274
3269 3267
3278 3269
3237 3281
3282 3281
3281 2647
3283 3284
3281 3286
3286 3284
2646 3290
3291 2674
3292 3294
2674 3294
3286 3295
3287 3295
3295 3294
3252 3296
3296 3289
3289 3287
3256 3289
3256 3275
3277 3301
2674 3303
2674 2672
3303 3304
3303 3299
3301 3306
3306 3308
3301 3307
3307 3309
3278 3308
3278 3321
3308 3311
3307 3311
3311 3332
3311 3347
3268 3266
3160 3314
3314 3312
3314 3316
3317 3279
3279 3269
3318 3319
3279 3323
3146 3326
3304 3331
3300 3332
2862 3336
3333 3332
3332 3334
3334 3340
3336 2864
2864 3337
3337 3340
3334 3343
2889 3346
2895 3346
3346 3344
3345 3349
1755 1604
2392 1544
1475 2392
1476 1478
1471 1470
1470 1476
2415 2417
1542 1543
1560 1561
1543 1545
1561 1563
1560 1562
2358 2359
1545 1539
1430 1596
1555 1556
1595 1430
1559 1595
1556 1559
1548 1549
1387 1548
1553 1387
1474 1374
1286 1474
1283 1286
1281 1283
1795 1801
1388 1390
1233 1235
1225 1226
1231 1233
1226 1231
1422 1421
1287 1367
1371 1287
1744 1745
1740 1741
1219 1221
1234 1271
1792 1789
1270 1234
1790 1802
1788 1790
1735 1736
1807 1922
1806 1807
1790 1803
1742 1746
1746 1757
1898 1900
1259 1261
1258 1259
1779 1898
1721 1723
1778 1779
1771 1773
1779 1897
1777 1778
1907 1908
1895 1907
1769 1770
1894 1895
1896 1907
1729 1727
1893 1896
1910 1912
1410 1411
1243 1244
1911 1912
1248 1246
1841 1909
1391 1392
1840 1841
2342 2344
452 427
513 512
350 352
606 605
624 610
749 308
760 749
782 760
805 782
817 805
833 827
840 453
879 833
880 879
865 866
883 880
885 883
889 886
1010 1003
1112 1010
1165 1163
1175 1173
1177 1171
2341 2342
1334 1328
1849 1850
622 514
1687 1165
980 979
2182 2180
1112 1114
1094 1118
3259 3260
3262 3259
3189 3190
2533 2534
2522 2520
1535 1536
2515 2516
2517 2512
2954 2955
2942 2943
371 373
2852 2853
2854 2852
1460 1462
2043 2044
2044 2045
1615 1623
1612 1613
1611 1612
1608 1611
1620 1621
1618 1620
1612 1614
1487 1486
1583 1584
1585 1586
1585 1587
1583 1585
1484 1486
1572 1585
1483 1484
2846 2848
2714 2716
840 842
883 884
445 446
864 865
293 294
375 293
141 142
139 141
23 3
166 23
139 130
165 162
167 169
175 170
183 175
182 139
186 140
312 186
308 292
332 324
325 327
331 332
347 331
349 347
368 349
370 368
2990 372
375 312
324 326
326 375
376 328
292 294
384 376
427 384
1179 624
1190 1189
1187 1190
1198 1187
1205 1196
1262 1218
1231 1223
1232 1225
1235 1232
1279 1239
1247 1243
1245 1247
1250 1252
1258 1253
1249 1250
1257 1258
1238 1263
1264 1263
1237 1238
1267 1264
1269 1238
1234 1223
1231 1234
1268 1278
1280 1268
1285 1271
1366 1280
1324 1301
1304 1242
1309 1251
1325 1324
1331 1309
1327 1325
1329 1331
1342 1341
1361 1359
1365 1361
1368 1366
1287 1366
1369 1368
1379 1369
1368 1287
1373 1372
1373 1374
1367 1370
1380 1379
1383 1378
1419 1383
1385 1386
1386 1387
1392 1393
1397 1394
1403 1397
1408 1397
1412 1410
1411 1412
1423 1420
1424 1422
1429 1426
1479 1472
1374 1475
1480 1479
1485 1482
1487 1485
1500 1460
1501 1462
1502 1500
1530 1502
1527 1524
1533 1530
1537 1536
1539 1541
1542 1544
1547 1542
1541 1380
1551 1552
1553 1545
1543 1546
1554 1546
1550 1388
1562 1554
1555 1557
1573 1547
1569 1573
1581 1574
1567 1569
1586 1587
1584 1581
1587 1588
1579 1581
1559 1390
1595 1424
1427 1430
1625 1624
1617 1623
1591 1592
1627 1629
1629 1582
1631 1632
1632 1633
1637 1630
1633 1637
1642 1534
1659 1661
1661 1649
1348 1342
1701 1702
1170 1687
1691 1692
1704 1694
1703 1700
1705 1704
1830 1695
1710 1709
1676 1702
1728 1717
1727 1725
1733 1728
1733 1731
1757 1733
1738 1602
1968 1738
1743 1740
1741 1742
1744 1743
1749 1743
1773 1769
1777 1772
1770 1777
1787 1757
1802 1789
1793 1751
1797 1793
1794 1796
1799 1797
1799 1791
1808 1800
1805 1802
1901 1805
1813 1808
1811 1813
1815 1814
1928 1815
1823 1693
1821 1823
1836 1834
1853 1851
1857 1854
1867 1863
1873 1835
1877 1867
1884 1877
1880 1873
1900 1901
1916 1900
1905 1893
1906 1896
1908 1915
1809 1810
1924 1811
1925 1926
1926 1924
2028 1815
1940 1938
1796 1980
1999 1985
1988 1985
1993 1986
1984 1755
1988 1755
1994 1992
2031 1994
1997 1976
1998 1997
2010 2031
2046 2043
1966 2055
2173 2181
2183 2184
2196 817
2205 2196
2342 2332
2344 2332
2390 2363
2394 2391
2395 2386
2579 2394
2406 2407
2423 2422
2424 2421
2477 2474
2481 2477
2480 2481
2518 2514
2519 2516
2521 2515
2523 2521
2525 2523
2619 2579
2621 2619
2833 2621
2688 2205
2687 2688
2693 2686
2693 2688
2709 2693
2714 2709
2737 2717
2740 2715
2766 2737
2748 2740
2819 2748
2765 2763
2822 2819
2825 2822
2840 2833
2854 2847
2855 2857
2876 2825
2878 2876
2884 2878
2879 2858
2891 2855
2916 2764
2933 2891
2940 2933
2956 2941
3032 2990
3058 3032
3067 3058
3106 3067
3136 3106
3138 3136
3160 3138
3237 2533
3237 3238
3258 3160
3263 3258
3271 3260
3264 3263
3266 3264
3316 3266
3276 3271
3274 3275
3292 3286
3292 3290
3275 3299
3328 3316
3299 2861
2862 3300
2857 2862
1544 1543
2392 0
0 1377
1989 1988
2421 2416
2416 2415
1546 1567
1563 1562
1596 1558
1554 1552
1552 1553
2422 2360
1558 1556
1551 1554
1548 1551
1550 1548
1286 1282
1282 1281
1793 1794
1386 1550
1751 1749
1370 1372
1372 1371
1287 1285
1223 1221
1223 1222
1222 1219
1789 1788
2391 2390
1268 1267
1807 1901
1280 1278
1278 1269
1278 1279
1279 1269
1775 1787
1263 1262
1731 1722
1772 1771
1732 1733
1915 1895
1734 1732
1896 1894
1913 1908
1913 1910
1914 1913
1893 1892
1892 1890
1938 1914
1914 1912
1910 1906
1911 1906
1906 1905
1406 1404
1882 1881
1712 1710
1881 1880
2332 2331
383 445
445 454
507 620
514 513
611 620
620 621
621 622
307 748
748 759
759 780
780 807
807 815
829 864
454 839
866 881
881 884
884 887
887 889
981 980
983 1029
1029 1031
1114 1094
1172 1175
1330 1329
1341 1345
1341 1340
1335 1334
1338 1337
1844 1843
1344 1342
1854 1853
1173 1172
1030 1200
2184 2173
1113 1112
1118 1113
3260 3263
3263 3262
1536 1534
1534 1533
2512 2518
1528 1527
2957 2956
2941 2940
1507 1504
1506 1507
372 370
2853 2855
2855 2854
2045 2046
1979 1998
1615 1610
1616 1610
1613 1616
1621 1617
1610 1608
1496 1495
1588 1584
1622 1621
1618 1613
2847 2840
2717 2715
841 840
886 885
376 375
294 376
140 139
142 140
1 22
22 165
129 141
142 187
163 166
162 167
164 163
170 164
169 174
174 182
140 183
187 225
291 307
225 316
327 333
333 348
348 350
352 371
373 2991
316 293
328 325
293 291
294 383
1180 1181
1192 1194
1194 1202
1206 1205
1219 1224
1224 1222
1222 1265
1227 1236
1221 1226
1236 1272
1218 1237
1239 1243
1239 1252
1246 1305
1252 1257
1252 1253
1253 1261
1238 1264
1269 1267
1267 1270
1265 1270
1272 1276
1276 1281
1253 1279
1271 1268
1234 1275
1031 1030
1301 1316
1304 1305
1305 1308
1316 1333
1308 1326
1326 1327
1333 1334
1333 1335
1337 1336
1328 1327
1328 1336
1326 1330
1336 1330
1251 1249
1309 1391
1364 1381
1261 1378
1367 1379
1378 1385
1381 1383
1393 1403
1403 1405
1404 1405
1405 1407
1407 1406
1419 1390
1421 1426
1390 1423
1423 1424
1425 1735
1429 1427
1462 1458
1472 1471
1475 1466
1478 1481
1482 1483
1495 1498
1498 1497
1458 1501
1502 1529
1504 1503
1505 1506
1524 1526
1526 1528
1528 1532
1532 1535
1540 1539
1466 1547
1547 1567
1549 1555
1549 1557
1557 1599
1578 1580
1580 1579
1569 1572
1575 1583
1588 1591
1623 1625
1582 1578
1592 1631
1630 1627
1594 1648
1536 1641
1649 1657
1657 1659
1692 1821
1696 1704
1702 1701
1701 1703
1707 1830
1700 1725
1728 1729
1736 1602
1722 1736
1736 1740
1602 1740
1741 1744
1745 1786
1757 1759
1759 1771
1772 1775
1780 1779
1782 1781
1781 1898
1784 1787
1791 1792
1752 1797
1803 1805
1792 1804
1804 1809
1801 1808
1809 1811
1811 1928
1851 1849
1850 1857
1855 1861
1861 1866
1863 1874
1874 1884
1880 1885
1885 1888
1886 1882
1888 1887
1887 1886
1897 1894
1898 1895
1907 1910
1909 1911
1924 1923
1923 1925
1928 1927
1912 1939
1882 1940
1972 1984
1976 1972
1977 1978
1755 1989
1991 1990
1992 1993
1814 1991
1992 2030
1995 1994
1996 1995
1985 1997
1998 2001
2001 2003
2030 2033
2055 1966
2181 2182
2180 2183
815 820
820 2206
2330 2332
2331 2341
2340 2345
2345 2346
2360 2358
2362 2393
2394 2406
2393 2577
2359 2423
2417 2424
2474 2479
2479 2480
2514 2517
2518 2519
2516 2522
2520 2519
2523 2522
2522 2525
2532 2533
2533 2645
2571 2569
2570 2571
2577 2618
2618 2620
2620 2814
2686 2687
2206 2692
2692 2694
2694 2710
2710 2716
2716 2736
2717 2741
2736 2765
2741 2749
2749 2782
2764 2766
2782 2823
2823 2826
2814 2846
2848 2852
2852 2884
2858 2853
2856 2854
2826 2872
2872 2879
2853 2890
2763 2913
2890 2932
2932 2942
2943 2954
2991 3033
3033 3059
3059 3066
1534 3083
3066 3107
3121 3122
3122 3123
3107 3135
3135 3137
3137 3150
3150 3159
3188 3189
3159 3257
3257 3262
3259 3270
3260 3265
3265 3267
3267 3317
3270 3274
3277 3276
2534 2647
2647 3292
3300 3277
3317 3329
2861 2856
1559 1550
0 1540
1545 1540
1374 0
